ProfNum	Hr1	Hr2	Hr3	Hr4	Hr5	Hr6	Hr7	Hr8	Hr9	Hr10	Hr11	Hr12	Hr13	Hr14	Hr15	Hr16	Hr17	Hr18	Hr19	Hr20	Hr21	Hr22	Hr23	Hr24	Total	!	Description
1	0	0	0	0	0	0	0	0	125	125	125	125	125	125	125	125	0	0	0	0	0	0	0	0	1000	!	9am - 4pm uniform
2	0	0	0	0	0	0	0	0	125	125	125	125	125	125	125	125	0	0	0	0	0	0	0	0	1000	!	9am - 4pm uniform
3	0	0	0	0	0	0	0	0	125	125	125	125	125	125	125	125	0	0	0	0	0	0	0	0	1000	!	9am - 4pm uniform
4	0	0	0	0	0	0	0	0	125	125	125	125	125	125	125	125	0	0	0	0	0	0	0	0	1000	!	9am - 4pm uniform
5	0	0	0	0	0	0	0	0	125	125	125	125	125	125	125	125	0	0	0	0	0	0	0	0	1000	!	9am - 4pm uniform
6	0	0	0	0	0	0	0	0	0	167	167	167	167	167	167	0	0	0	0	0	0	0	0	0	1000	!	10am - 3pm uniform
7	0	0	0	0	0	0	0	0	0	143	143	143	143	143	143	143	0	0	0	0	0	0	0	0	1000	!	10am - 4pm uniform
8	0	0	0	0	0	0	0	0	125	125	125	125	125	125	125	125	0	0	0	0	0	0	0	0	1000	!	9am - 4pm uniform
9	0	0	0	0	0	0	0	0	111	111	111	111	111	111	111	111	111	0	0	0	0	0	0	0	1000	!	9am - 5pm uniform
10	0	0	0	0	0	0	0	100	100	100	100	100	100	100	100	100	100	0	0	0	0	0	0	0	1000	!	8am - 5pm uniform
11	0	0	0	0	0	0	0	909	909	909	909	909	909	909	909	909	909	909	0	0	0	0	0	0	9999	!	8am - 6pm uniform
12	0	0	0	0	0	0	833	833	833	833	833	833	833	833	833	833	833	833	0	0	0	0	0	0	9996	!	7am - 6pm uniform
13	0	0	0	0	0	0	0	0	769	769	769	769	769	769	769	769	769	769	769	769	769	0	0	0	9997	!	9am - 9pm uniform
14	0	0	0	0	0	0	0	0	714	714	714	714	714	714	714	714	714	714	714	714	714	714	0	0	9996	!	9am - 10pm uniform
15	0	0	0	0	0	0	0	0	667	667	667	667	667	667	667	667	667	667	667	667	667	667	667	0	10005	!	9am - 11pm uniform
16	0	0	0	0	0	0	0	0	625	625	625	625	625	625	625	625	625	625	625	625	625	625	625	625	10000	!	9am - 12pm uniform
17	0	0	0	0	0	0	0	588	588	588	588	588	588	588	588	588	588	588	588	588	588	588	588	588	9996	!	8am - 12pm uniform
18	0	0	0	0	0	0	556	556	556	556	556	556	556	556	556	556	556	556	556	556	556	556	556	556	10008	!	7am - 12pm uniform
19	0	0	0	526	526	526	526	526	526	526	526	526	526	526	526	526	526	526	526	526	526	526	0	0	9994	!	4am - 10pm uniform
20	0	0	0	500	500	500	500	500	500	500	500	500	500	500	500	500	500	500	500	500	500	500	500	0	10000	!	4am - 11pm uniform
21	0	0	476	476	476	476	476	476	476	476	476	476	476	476	476	476	476	476	476	476	476	476	476	0	9996	!	3am - 11pm uniform
22	0	455	455	455	455	455	455	455	455	455	455	455	455	455	455	455	455	455	455	455	455	455	455	0	10010	!	2am - 11pm uniform
23	0	435	435	435	435	435	435	435	435	435	435	435	435	435	435	435	435	435	435	435	435	435	435	435	10005	!	2am - 12pm uniform
24	417	417	417	417	417	417	417	417	417	417	417	417	417	417	417	417	417	417	417	417	417	417	417	417	10008	!	all day uniform
25	0	0	0	0	0	85	254	508	763	847	847	847	847	847	847	847	847	763	508	254	85	0	0	0	9996	!	
26	198	186	182	187	210	250	311	388	467	528	571	604	620	631	635	624	594	548	531	509	425	327	257	218	10001	!	
27	0	0	0	0	0	0	0	10	30	61	101	101	101	101	101	101	101	91	61	30	10	0	0	0	1000	!	
31	403	398	395	394	398	403	408	413	417	418	422	424	427	433	433	433	432	429	428	426	424	420	415	409	10002	!	
32	361	345	334	332	342	359	386	418	436	447	452	456	458	460	461	462	460	456	451	452	447	433	409	384	10001	!	
33	324	300	288	284	292	316	354	403	433	457	478	486	494	497	501	500	497	489	477	473	466	440	397	352	9998	!	
34	288	280	272	271	277	299	327	364	406	449	490	516	539	546	568	570	545	525	495	474	457	400	337	305	10000	!	
35	218	198	187	182	188	211	251	311	388	467	527	570	603	620	631	634	623	594	548	531	509	425	328	258	10002	!	
36	11	8	7	6	7	7	9	10	16	25	43	60	76	88	94	103	97	89	75	60	51	32	18	11	1000	!	
37	0	0	0	0	0	0	10	100	100	100	100	100	100	100	100	100	50	30	10	0	0	0	0	0	1000	!	
38	0	0	0	0	400	600	615	615	615	615	615	615	615	615	615	615	615	615	615	500	300	200	0	0	9995	!	
39	0	0	0	0	0	0	20	30	100	100	100	100	100	100	100	100	100	30	20	0	0	0	0	0	1000	!	
112	0	0	0	0	0	0	0	120	110	110	110	110	110	110	110	110	0	0	0	0	0	0	0	0	1000	!	
122	20	20	20	20	20	20	60	60	60	60	60	60	60	60	60	60	60	60	30	30	30	30	20	20	1000	!	
105	0	0	0	0	0	0	80	90	90	80	90	80	80	90	80	80	80	80	0	0	0	0	0	0	1000	!	
106	10	10	10	10	10	10	10	100	100	90	100	90	90	90	90	100	10	10	10	10	10	10	10	10	1000	!	
103	50	40	40	40	40	40	40	50	50	40	40	40	40	40	40	40	50	40	40	40	40	40	40	40	1000	!	
104	0	0	0	0	0	0	0	0	100	110	110	100	100	110	110	100	20	20	20	20	20	20	20	20	1000	!	
119	20	10	10	10	0	10	30	70	70	60	60	60	60	70	70	70	60	60	50	40	40	30	20	20	1000	!	
111	0	0	0	0	0	0	40	130	150	150	150	150	150	80	0	0	0	0	0	0	0	0	0	0	1000	!	
124	10	10	10	10	10	20	40	60	70	70	70	70	80	80	70	70	90	50	30	20	20	20	10	10	1000	!	
128	20	10	10	10	20	20	40	50	70	70	70	80	80	90	80	70	60	40	30	20	20	20	10	10	1000	!	
117	20	20	20	30	30	40	50	70	50	40	50	50	50	40	50	70	50	40	50	50	50	30	30	20	1000	!	
108	10	10	0	0	0	0	0	30	90	90	90	90	90	90	90	90	90	80	10	10	10	10	10	10	1000	!	
107	0	0	0	0	0	0	0	0	0	0	40	90	150	200	180	160	100	50	20	10	0	0	0	0	1000	!	
110	0	0	0	0	20	80	80	80	60	60	60	60	60	60	60	60	70	80	60	10	10	10	10	10	1000	!	
118	60	50	30	30	30	30	40	40	40	30	20	20	20	20	20	20	40	50	70	70	70	70	70	60	1000	!	
127	0	0	0	0	0	0	20	70	100	120	100	70	50	110	130	100	80	50	0	0	0	0	0	0	1000	!	
101	0	0	0	0	30	60	10	70	70	70	90	70	70	70	70	80	70	60	50	30	20	10	0	0	1000	!	
109	0	0	0	0	0	0	70	70	70	70	70	70	70	70	70	60	70	60	30	30	30	30	30	30	1000	!	
113	30	40	40	40	40	40	60	60	60	60	60	60	40	40	40	40	40	30	30	30	30	30	30	30	1000	!	
114	0	0	0	0	0	0	60	60	60	60	60	60	60	50	50	50	60	60	70	70	70	60	40	0	1000	!	
121	50	50	50	50	60	60	60	50	50	40	40	30	30	30	30	30	30	30	30	40	40	40	40	40	1000	!	
120	30	30	30	30	30	30	30	60	60	50	50	50	50	50	50	50	50	40	40	40	40	40	40	30	1000	!	
123	20	10	10	0	0	10	30	70	70	50	50	50	50	60	60	70	90	80	50	50	40	30	30	20	1000	!	
125	0	0	0	0	0	0	0	0	50	100	100	100	100	150	150	150	50	50	0	0	0	0	0	0	1000	!	
129	100	100	100	100	100	50	50	20	20	20	20	20	20	20	20	20	20	20	20	20	20	20	50	50	1000	!	
116	20	20	20	20	20	20	30	80	80	50	50	50	50	50	50	50	50	80	80	30	30	30	20	20	1000	!	
102	0	0	0	0	0	0	0	100	100	100	100	100	100	100	100	100	100	0	0	0	0	0	0	0	1000	!	8am - 5pm uniform
115	0	0	0	0	0	0	0	0	80	80	80	80	80	80	80	80	90	90	30	30	30	30	30	30	1000	!	
130	0	0	0	0	0	0	0	60	70	70	70	70	60	60	60	60	60	60	60	60	60	60	60	0	1000	!	
131	0	0	0	0	0	0	0	80	90	90	90	90	80	80	80	80	80	80	80	0	0	0	0	0	1000	!	
132	0	0	0	0	0	70	80	80	70	70	70	70	70	70	70	70	70	70	70	0	0	0	0	0	1000	!	
201	0	0	0	0	0	0	0	0	60	70	70	60	60	70	70	60	60	60	60	60	60	60	60	60	1000	!	
203	0	0	0	0	0	0	70	120	90	120	120	60	120	120	120	60	0	0	0	0	0	0	0	0	1000	!	
200	0	0	0	0	0	0	100	100	100	100	100	100	100	100	100	100	0	0	0	0	0	0	0	0	1000	!	7am - 4pm uniform
202	0	0	0	0	0	0	100	100	100	100	100	100	100	100	100	100	0	0	0	0	0	0	0	0	1000	!	7am - 4pm uniform
126	0	0	0	0	3	12	27	80	90	100	95	83	73	92	100	93	80	35	15	12	7	3	0	0	1000	!	
2001	166	122	103	87	92	120	182	263	367	501	623	697	721	738	750	752	751	697	584	480	400	331	272	201	10000	!	NC Default for road type 110
2002	131	75	55	50	50	91	161	238	340	495	617	698	757	762	789	817	831	805	653	492	373	307	239	175	10001	!	NC Default for road type 130
2003	138	84	62	40	46	83	154	231	323	494	624	704	816	810	831	842	800	727	610	469	384	312	243	173	10000	!	NC Default for road type 150
2004	149	86	59	45	46	86	182	259	378	515	628	682	763	802	789	798	789	737	650	483	363	301	240	170	10000	!	NC Default for road type 170
2005	128	72	47	39	47	75	170	219	358	596	634	636	878	737	730	762	802	738	662	488	439	323	248	175	10003	!	NC Default for road type 190
2006	157	95	62	45	43	72	126	229	362	571	688	652	840	799	699	748	790	763	627	440	422	332	236	200	9998	!	NC Default for road type 210
2007	189	119	95	72	69	93	173	255	340	463	571	625	703	734	757	763	760	726	656	544	423	360	296	215	10001	!	NC Default for road type 230
2008	167	103	78	60	55	84	155	222	324	453	583	657	777	795	815	819	793	735	627	510	406	333	261	188	10000	!	NC Default for road type 250
2009	189	117	99	67	53	87	195	274	331	467	577	635	727	749	769	777	758	720	646	497	405	346	291	222	9998	!	NC Default for road type 270
2010	179	118	109	58	40	59	114	183	277	510	585	619	825	772	835	845	799	712	641	487	406	347	273	208	10001	!	NC Default for road type 290
2011	144	79	49	32	24	55	114	139	269	460	584	640	842	816	818	818	849	824	690	572	426	352	235	168	9999	!	NC Default for road type 310
2512	580	486	412	339	262	201	234	372	551	717	791	823	856	843	847	805	766	737	737	726	710	680	643	574	14692	!	Sabado CDMX
2612	490	389	325	327	263	187	167	211	268	355	476	555	610	661	730	738	635	671	714	693	653	565	484	438	11605	!	Domingo CDMX
2012    490     389     325     327     263     187     167     211     268     355     476     555     610     661     730     738     635     671     714     693     653     565     484     438     11605   !       Domingo CDMX
22012	177	100	79	69	55	77	177	298	382	482	588	614	726	742	710	736	746	709	609	576	464	364	300	219	9999	!	NC Default for road type 330
22013	160	98	75	55	52	82	159	234	338	501	609	655	781	771	774	790	789	741	638	503	409	334	261	193	10002	!	Avg. profile across all NC road types
2513	580	486	412	339	262	201	234	372	551	717	791	823	856	843	847	805	766	737	737	726	710	680	643	574	14692	!	Sabado CDMX
2613	490	389	325	327	263	187	167	211	268	355	476	555	610	661	730	738	635	671	714	693	653	565	484	438	11605	!	Domingo CDMX
2013    490     389     325     327     263     187     167     211     268     355     476     555     610     661     730     738     635     671     714     693     653     565     484     438     11605   !       Domingo CDMX
210	53	53	53	53	53	53	53	200	400	700	1000	1300	1600	1700	1200	700	400	53	53	53	53	53	53	53	9942	!	Wildfires
250	0	0	0	0	20	30	50	70	60	50	60	80	80	70	40	40	40	70	80	70	60	30	0	0	1000	!	Made up for commercial cooking (MRH)
1002	416	416	416	416	416	416	416	416	416	416	416	416	416	416	416	416	416	416	416	416	416	416	416	416	9984	!	"AK, Prescribed fires"
1001	163	137	116	98	84	72	62	54	47	41	490	671	757	898	944	1058	1074	1168	531	429	354	294	244	204	9990	!	"AL, Prescribed fires"
1005	162	130	105	85	68	55	45	36	29	24	446	643	747	894	950	1064	1087	1176	604	484	389	313	251	202	9989	!	"AR, Prescribed fires"
1004	69	62	55	50	45	41	37	34	31	28	754	931	960	1117	1117	1262	1235	1366	206	154	132	114	100	88	9988	!	"AZ, Prescribed fires"
1006	23	19	17	14	13	11	10	9	8	7	852	1036	1052	1222	1209	1370	1327	1474	101	61	50	41	34	29	9989	!	"CA, Prescribed fires"
1008	167	148	131	116	102	91	80	71	63	56	574	728	781	919	945	1069	1071	1181	386	333	292	257	227	200	9988	!	"CO, Prescribed fires"
1009	78	59	44	33	25	19	14	11	8	6	603	817	902	1062	1094	1222	1216	1321	443	332	248	186	139	105	9987	!	"CT, Prescribed fires"
1011	78	59	44	33	25	19	14	11	8	6	603	817	902	1062	1094	1222	1216	1321	443	332	248	186	139	105	9987	!	"DC, Prescribed fires"
1010	26	20	15	11	9	7	5	4	3	2	818	1011	1038	1209	1203	1360	1322	1463	154	100	76	58	44	34	9992	!	"DE, Prescribed fires"
1012	171	157	145	133	123	114	105	97	90	83	583	729	771	897	918	1034	1035	1139	369	309	280	256	235	216	9989	!	"FL, Prescribed fires"
1013	169	146	127	110	96	85	75	66	59	53	507	679	754	890	930	1044	1057	1153	495	404	341	289	247	212	9988	!	"GA, Prescribed fires"
1015	416	416	416	416	416	416	416	416	416	416	416	416	416	416	416	416	416	416	416	416	416	416	416	416	9984	!	"HI, Prescribed fires"
1019	76	57	43	32	24	18	14	11	8	6	613	825	908	1069	1098	1228	1221	1327	430	322	241	181	135	101	9988	!	"IA, Prescribed fires"
1016	68	63	58	54	50	46	43	40	37	34	779	948	968	1123	1118	1265	1235	1369	167	126	113	103	95	87	9989	!	"ID, Prescribed fires"
1017	83	63	48	36	28	21	16	12	10	7	599	811	895	1055	1087	1215	1210	1315	445	336	253	191	144	109	9989	!	"IL, Prescribed fires"
1018	71	53	40	30	23	17	13	10	7	6	634	843	920	1082	1108	1240	1230	1340	403	301	226	169	127	95	9988	!	"IN, Prescribed fires"
1020	21	15	12	9	7	5	4	3	2	1	846	1029	1052	1223	1212	1371	1329	1472	115	85	64	48	36	27	9988	!	"KS, Prescribed fires"
1021	95	73	57	44	34	27	21	16	13	10	583	790	875	1033	1067	1194	1193	1297	457	350	269	207	159	123	9987	!	"KY, Prescribed fires"
1022	153	125	102	84	69	57	47	39	32	27	479	673	769	915	965	1081	1098	1191	560	448	361	291	235	191	9992	!	"LA, Prescribed fires"
1025	89	80	73	66	61	56	52	48	45	42	708	883	919	1067	1074	1210	1190	1312	261	195	167	147	130	116	9991	!	"MA, Prescribed fires"
1024	111	87	69	54	43	34	27	21	17	14	553	757	845	1001	1040	1165	1169	1270	488	378	295	230	180	141	9989	!	"MD, Prescribed fires"
1023	91	83	76	69	64	59	55	51	47	44	709	882	916	1063	1069	1205	1185	1308	255	192	167	148	132	119	9989	!	"ME, Prescribed fires"
1026	82	70	60	53	47	42	37	34	31	28	682	869	920	1074	1087	1222	1206	1323	311	233	188	154	128	108	9989	!	"MI, Prescribed fires"
1027	84	74	65	59	53	48	44	40	37	35	698	880	922	1074	1083	1219	1201	1321	281	210	175	148	127	110	9988	!	"MN, Prescribed fires"
1029	79	60	46	35	27	20	16	12	9	7	616	825	905	1066	1094	1225	1218	1325	421	318	240	182	138	104	9988	!	"MO, Prescribed fires"
1028	163	134	110	91	75	63	52	44	37	31	462	653	750	894	946	1060	1080	1171	577	464	376	306	249	204	9992	!	"MS, Prescribed fires"
1030	94	80	69	61	53	47	42	38	35	31	662	846	899	1050	1067	1199	1187	1302	331	252	206	171	143	121	9986	!	"MT, Prescribed fires"
1037	159	128	103	84	68	55	45	36	29	24	458	654	755	902	957	1071	1092	1183	588	471	379	305	246	198	9990	!	"NC, Prescribed fires"
1038	53	46	39	34	29	25	22	19	17	15	793	967	993	1158	1153	1307	1273	1412	160	131	109	91	77	65	9988	!	"ND, Prescribed fires"
1031	14	10	8	6	4	3	2	2	1	1	871	1052	1068	1241	1225	1388	1342	1490	83	59	44	33	25	19	9991	!	"NE, Prescribed fires"
1033	90	83	76	70	65	60	56	52	49	46	718	889	919	1067	1071	1208	1187	1310	242	181	160	143	129	118	9989	!	"NH, Prescribed fires"
1034	54	48	43	39	35	32	29	27	25	23	783	964	989	1149	1145	1295	1263	1398	178	125	105	91	79	70	9989	!	"NJ, Prescribed fires"
1035	96	84	75	67	60	54	48	44	40	36	687	862	904	1055	1065	1201	1185	1305	285	223	189	162	140	122	9989	!	"NM, Prescribed fires"
1032	0	0	0	0	0	0	0	0	0	0	939	1107	1109	1280	1254	1421	1366	1520	0	0	0	0	0	0	9996	!	"NV, Prescribed fires"
1036	88	79	71	64	59	54	50	46	43	40	701	878	917	1067	1075	1210	1192	1312	273	204	173	149	131	115	9991	!	"NY, Prescribed fires"
1039	78	59	45	34	26	20	15	12	9	7	609	821	903	1064	1094	1223	1217	1323	435	326	245	184	138	104	9991	!	"OH, Prescribed fires"
1040	65	52	41	33	26	21	17	13	11	9	718	907	955	1119	1130	1275	1254	1381	271	208	165	131	104	82	9988	!	"OK, Prescribed fires"
1041	73	66	61	56	51	47	44	41	38	35	758	929	955	1109	1107	1252	1224	1355	196	148	130	116	104	95	9990	!	"OR, Prescribed fires"
1042	78	58	44	33	25	19	14	11	8	6	608	821	904	1065	1095	1224	1218	1324	436	326	245	184	138	103	9987	!	"PA, Prescribed fires"
1044	78	59	44	33	25	19	14	11	8	6	603	817	902	1062	1094	1222	1216	1321	443	332	248	186	139	105	9987	!	"RI, Prescribed fires"
1045	157	127	103	84	68	56	45	37	30	25	468	662	760	908	960	1076	1095	1187	573	460	371	299	242	195	9988	!	"SC, Prescribed fires"
1046	71	54	41	31	23	18	13	10	8	6	649	853	925	1086	1110	1244	1232	1345	381	288	218	165	125	94	9990	!	"SD, Prescribed fires"
1047	119	94	74	59	47	37	30	24	19	15	535	737	829	983	1025	1147	1155	1254	509	398	312	245	192	152	9991	!	"TN, Prescribed fires"
1048	81	64	51	41	33	26	21	17	14	11	672	864	921	1083	1101	1241	1227	1348	328	254	202	160	128	102	9990	!	"TX, Prescribed fires"
1049	45	39	34	30	27	24	22	20	18	16	805	984	1007	1172	1165	1319	1283	1422	150	112	93	79	67	58	9991	!	"UT, Prescribed fires"
1051	150	120	96	77	62	50	40	32	26	21	470	669	770	919	972	1087	1106	1198	579	461	368	294	235	188	9990	!	"VA, Prescribed fires"
1050	91	85	79	74	69	64	60	56	53	50	730	897	922	1068	1069	1207	1184	1310	221	166	150	138	128	119	9990	!	"VT, Prescribed fires"
1053	66	57	50	44	39	35	32	29	26	24	739	920	958	1115	1120	1263	1237	1365	236	178	145	121	102	87	9988	!	"WA, Prescribed fires"
1055	80	67	56	48	42	37	32	29	26	24	670	862	919	1075	1091	1225	1210	1326	333	249	197	158	128	106	9990	!	"WI, Prescribed fires"
1054	119	94	74	58	46	37	29	23	18	15	526	732	826	980	1024	1145	1153	1251	522	406	317	248	194	152	9989	!	"WV, Prescribed fires"
1056	70	60	52	46	40	36	32	29	26	23	739	918	955	1113	1117	1261	1236	1364	231	179	148	123	104	89	9991	!	"WY, Prescribed fires"
1102	416	416	416	416	416	416	416	416	416	416	416	416	416	416	416	416	416	416	416	416	416	416	416	416	9984	!	"AK, Wildfires"
1101	341	341	348	338	351	350	356	346	380	395	413	435	464	460	494	497	521	502	489	481	482	456	380	370	9990	!	"AL, Wildfires"
1105	351	351	357	347	358	357	363	354	384	397	414	432	459	455	486	487	510	492	481	474	476	449	380	372	9986	!	"AR, Wildfires"
1104	286	288	295	278	298	295	302	284	348	377	407	454	504	497	564	575	612	578	542	530	524	494	339	318	9989	!	"AZ, Wildfires"
1106	273	268	276	255	277	270	279	257	335	367	408	457	519	511	590	599	646	607	576	558	559	503	313	287	9990	!	"CA, Wildfires"
1108	315	318	325	315	330	329	336	324	369	389	411	443	478	473	519	526	553	530	509	501	499	473	368	355	9988	!	"CO, Wildfires"
1109	345	333	339	324	337	332	339	333	370	383	422	437	476	483	516	499	544	532	501	489	505	453	354	342	9988	!	"CT, Wildfires"
1111	345	333	339	324	337	332	339	333	370	383	422	437	476	483	516	499	544	532	501	489	505	453	354	342	9988	!	"DC, Wildfires"
1110	286	279	287	266	286	279	287	268	340	369	411	454	513	508	580	582	631	596	565	548	553	494	315	292	9989	!	"DE, Wildfires"
1112	307	314	321	312	329	330	337	326	369	391	409	442	475	472	515	526	550	529	505	499	493	480	386	372	9989	!	"FL, Wildfires"
1113	334	336	343	334	347	347	353	343	379	394	412	436	465	461	497	501	525	506	491	484	484	461	382	372	9987	!	"GA, Wildfires"
1115	416	416	416	416	416	416	416	416	416	416	416	416	416	416	416	416	416	416	416	416	416	416	416	416	9984	!	"HI, Wildfires"
1119	343	331	337	322	336	331	337	331	369	383	421	438	477	484	518	503	547	535	503	490	506	455	353	340	9990	!	"IA, Wildfires"
1116	276	273	281	264	284	279	288	271	338	368	407	452	509	505	574	584	627	594	565	549	551	503	339	310	9991	!	"ID, Wildfires"
1117	344	333	340	325	338	334	340	334	371	385	421	438	475	480	514	500	542	530	500	488	502	454	356	344	9988	!	"IL, Wildfires"
1118	338	328	334	318	332	327	333	326	367	383	420	440	480	485	523	510	554	539	506	493	507	458	349	337	9987	!	"IN, Wildfires"
1120	286	289	294	271	294	289	294	273	347	379	408	462	513	505	579	588	629	592	541	531	522	495	313	297	9991	!	"KS, Wildfires"
1121	343	336	342	328	341	338	344	336	373	388	418	437	473	475	510	501	538	523	497	487	496	455	360	349	9988	!	"KY, Wildfires"
1122	344	342	349	339	351	349	355	344	380	393	414	434	465	460	496	498	523	502	492	483	486	454	374	365	9992	!	"LA, Wildfires"
1125	280	274	283	267	286	281	290	275	338	366	408	448	505	504	569	575	619	590	566	549	556	500	345	314	9988	!	"MA, Wildfires"
1124	344	338	345	332	345	342	348	339	375	390	417	436	470	470	505	499	532	516	495	485	493	454	365	354	9989	!	"MD, Wildfires"
1123	280	274	282	267	286	280	290	275	338	366	408	449	505	504	569	576	620	590	567	550	557	500	345	314	9992	!	"ME, Wildfires"
1126	291	284	292	277	295	289	298	285	343	369	411	447	500	501	560	563	607	580	555	539	547	492	345	318	9988	!	"MI, Wildfires"
1127	285	278	287	271	290	284	293	279	340	367	409	448	503	503	565	570	614	586	561	545	552	496	345	316	9987	!	"MN, Wildfires"
1129	340	331	337	321	336	331	337	330	369	385	420	439	478	482	519	507	548	533	503	491	503	457	353	341	9991	!	"MO, Wildfires"
1128	347	347	353	344	355	354	360	350	383	396	414	433	461	457	489	491	514	496	485	478	479	452	380	371	9989	!	"MS, Wildfires"
1130	291	287	295	280	298	293	302	286	346	372	408	448	499	496	558	566	605	575	551	536	539	492	347	321	9991	!	"MT, Wildfires"
1137	350	349	356	346	357	356	361	352	383	396	414	433	460	457	488	489	512	495	483	476	478	450	379	370	9990	!	"NC, Wildfires"
1138	289	294	300	281	302	298	304	284	352	382	407	458	506	496	566	578	613	576	533	524	513	491	328	312	9987	!	"ND, Wildfires"
1131	277	280	286	262	286	280	286	263	342	376	407	464	519	508	589	600	643	602	553	541	531	500	307	288	9990	!	"NE, Wildfires"
1133	278	272	281	265	284	279	288	273	337	365	408	449	506	505	571	578	622	592	569	551	558	502	345	313	9991	!	"NH, Wildfires"
1134	284	279	288	269	289	283	292	274	342	371	410	453	508	503	572	577	622	589	562	545	549	495	329	305	9990	!	"NJ, Wildfires"
1135	288	285	293	278	296	292	300	284	345	372	408	449	501	497	560	568	608	577	551	537	538	494	346	321	9988	!	"NM, Wildfires"
1132	268	268	275	250	275	268	275	250	336	371	407	465	525	514	601	612	658	614	571	556	550	506	297	277	9989	!	"NV, Wildfires"
1136	282	276	284	269	287	282	291	277	339	366	409	448	504	503	567	573	617	588	565	547	555	498	345	315	9987	!	"NY, Wildfires"
1139	343	332	338	323	336	331	338	332	369	384	421	438	477	483	517	502	546	533	502	490	505	455	354	341	9990	!	"OH, Wildfires"
1140	310	308	315	298	315	311	317	301	358	382	411	448	493	487	544	548	585	556	528	516	517	477	339	323	9987	!	"OK, Wildfires"
1141	277	274	283	266	286	281	289	272	339	368	407	452	508	504	572	582	624	592	563	548	549	501	340	312	9989	!	"OR, Wildfires"
1142	343	331	338	323	336	331	338	332	369	383	422	438	477	483	517	502	546	534	503	490	506	454	354	341	9991	!	"PA, Wildfires"
1144	345	333	339	324	337	332	339	333	370	383	422	437	476	483	516	499	544	532	501	489	505	453	354	342	9988	!	"RI, Wildfires"
1145	349	347	354	344	355	354	360	350	383	395	414	433	462	458	490	491	515	497	484	477	479	451	378	369	9989	!	"SC, Wildfires"
1146	318	317	323	306	323	318	324	307	362	384	410	447	491	482	539	545	578	546	518	507	505	470	340	327	9987	!	"SD, Wildfires"
1147	346	342	348	336	349	346	352	343	378	392	416	435	467	467	500	496	526	510	490	482	487	453	368	359	9988	!	"TN, Wildfires"
1148	315	313	320	304	321	317	324	307	362	383	411	445	488	481	536	542	576	546	524	513	513	473	345	330	9989	!	"TX, Wildfires"
1149	278	277	284	265	286	281	289	269	340	371	407	456	512	505	578	588	630	594	559	545	542	500	327	303	9986	!	"UT, Wildfires"
1151	351	349	355	345	356	355	360	351	383	395	415	433	461	458	489	488	514	497	483	476	479	450	377	369	9989	!	"VA, Wildfires"
1150	275	270	278	263	282	277	286	270	335	364	407	449	507	506	573	581	625	594	571	554	560	503	344	312	9986	!	"VT, Wildfires"
1153	282	278	287	269	289	284	292	275	341	369	407	451	507	502	570	579	621	588	560	545	547	498	338	311	9990	!	"WA, Wildfires"
1155	297	290	298	282	299	294	303	290	346	371	412	446	498	499	555	556	600	575	549	533	542	488	346	321	9990	!	"WI, Wildfires"
1154	349	343	350	338	350	347	353	345	378	391	417	434	466	467	498	492	524	509	489	480	488	451	369	360	9988	!	"WV, Wildfires"
1156	286	284	292	275	294	290	298	280	345	373	407	452	504	499	566	575	615	582	551	537	536	495	338	314	9988	!	"WY, Wildfires"
