ProfNum	Jan	Feb	Mar	Apr	May	Jun	Jul	Aug	Sep	Oct	Nov	Dec	Total	!	Description
1	0	0	0	0	0	110	110	110	223	223	223	0	999		
2	0	0	0	0	0	290	290	290	43	43	43	0	999		
3	0	0	63	63	63	167	167	167	103	103	103	0	999		
4	13	13	91	91	91	137	137	137	92	92	92	13	999		
5	17	17	17	17	17	167	167	167	133	133	133	17	1002		
6	20	20	20	20	20	207	207	207	87	87	87	20	1002		
7	22	22	50	50	50	78	78	78	183	183	183	22	999		
8	28	28	28	28	28	221	221	221	57	57	57	28	1002		
9	30	30	0	0	0	0	0	0	303	303	303	30	999		
10	32	32	12	12	12	31	31	31	258	258	258	32	999		
11	33	33	67	67	67	100	100	100	133	133	133	33	999		
12	33	33	83	83	83	133	133	133	83	83	83	33	996		
13	33	33	100	100	100	100	100	100	100	100	100	33	999		
14	33	33	233	233	233	0	0	0	67	67	67	33	999		
15	37	37	77	77	77	125	125	125	95	95	95	37	1002		
16	42	42	73	73	73	125	125	125	93	93	93	42	999		
17	47	47	60	60	60	103	103	103	123	123	123	47	999		
18	48	48	75	75	75	118	118	118	92	92	92	48	999		
19	49	49	101	101	101	113	113	113	70	70	70	49	999		
20	50	50	117	117	117	117	117	117	50	50	50	50	1002		
21	52	52	83	83	83	115	115	115	83	83	83	52	999		
22	52	52	84	84	84	115	115	115	83	83	83	52	1002		
23	53	53	93	93	93	93	93	93	93	93	93	53	996		
24	56	56	88	88	88	98	98	98	92	92	92	56	1002		
25	56	56	93	93	93	93	93	93	93	93	93	56	1005		
26	58	58	80	80	80	93	93	93	102	102	102	58	999		
27	58	58	80	80	80	107	107	107	89	89	89	58	1002		
28	58	58	83	83	83	100	100	100	93	93	93	58	1002		
29	58	58	96	96	96	121	121	121	58	58	58	58	999		
30	61	61	48	48	48	134	134	134	90	90	90	61	999		
31	61	61	63	63	63	123	123	123	86	86	86	61	999		
32	61	61	94	94	94	117	117	117	61	61	61	61	999		
33	63	63	87	87	87	100	100	100	83	83	83	63	999		
34	63	63	99	99	99	98	98	98	73	73	73	63	999		
35	64	64	60	60	60	112	112	112	97	97	97	64	999		
36	65	65	89	89	89	94	94	94	85	85	85	65	999		
37	65	65	102	102	102	83	83	83	83	83	83	65	999		
38	66	66	82	82	82	91	91	91	95	95	95	66	1002		
39	66	66	127	127	127	71	71	71	69	69	69	66	999		
40	67	67	33	33	33	10	10	10	223	223	223	67	999		
41	67	67	67	67	67	100	100	100	100	100	100	67	1002		
42	67	67	92	92	92	92	92	92	82	82	82	67	999		
43	67	67	92	92	92	92	92	92	83	83	83	67	1002		
44	67	67	94	94	94	100	100	100	72	72	72	67	999		
45	67	67	100	100	100	100	100	100	67	67	67	67	1002		
46	67	67	117	117	117	100	100	100	50	50	50	67	1002		
47	67	67	133	133	133	133	133	133	0	0	0	67	999		
48	67	67	167	167	167	33	33	33	67	67	67	67	1002		
49	68	68	73	73	73	114	114	114	79	79	79	68	1002		
50	69	69	81	81	81	102	102	102	82	82	82	69	1002		
51	70	70	31	31	31	200	200	200	31	31	31	70	996		
52	70	70	69	69	69	118	118	118	76	76	76	70	999		
53	70	70	86	86	86	84	84	84	93	93	93	70	999		
54	70	70	95	95	95	78	78	78	90	90	90	70	999		
55	71	71	71	71	71	91	91	91	100	100	100	71	999		
56	71	71	83	83	83	96	96	96	83	83	83	71	999		
57	71	71	89	89	89	85	85	85	89	89	89	71	1002		
58	72	72	72	72	72	100	100	100	90	90	90	72	1002		
59	72	72	73	73	73	92	92	92	97	97	97	72	1002		
60	72	72	80	80	80	96	96	96	85	85	85	72	999		
61	72	72	91	91	91	94	94	94	76	76	76	72	999		
62	72	72	95	95	95	72	72	72	95	95	95	72	1002		
63	73	73	73	73	73	73	73	73	115	115	115	73	1002		
64	73	73	73	73	73	93	93	93	93	93	93	73	996		
65	73	73	76	76	76	110	110	110	75	75	75	73	1002		
66	73	73	80	80	80	90	90	90	90	90	90	73	999		
67	73	73	83	83	83	90	90	90	87	87	87	73	999		
68	73	73	93	93	93	82	82	82	86	86	86	73	1002		
69	73	73	97	97	97	77	77	77	87	87	87	73	1002		
70	73	73	104	104	104	84	84	84	73	73	73	73	1002		
71	73	73	115	115	115	73	73	73	73	73	73	73	1002		
72	74	74	74	74	74	89	89	89	96	96	96	74	999		
73	74	74	74	74	74	101	101	101	85	85	85	74	1002		
74	74	74	74	74	74	103	103	103	83	83	83	74	1002		
75	74	74	83	83	83	93	93	93	83	83	83	74	999		
76	75	75	67	67	67	98	98	98	94	94	94	75	1002		
77	75	75	75	75	75	98	98	98	85	85	85	75	999		
78	75	75	81	81	81	92	92	92	85	85	85	75	999		
79	75	75	83	83	83	92	92	92	83	83	83	75	999		
80	75	75	88	88	88	93	93	93	78	78	78	75	1002		
81	75	75	89	89	89	82	82	82	87	87	87	75	999		
82	75	75	90	90	90	90	90	90	78	78	78	75	999		
83	75	75	92	92	92	92	92	92	75	75	75	75	1002		
84	75	75	123	123	123	64	64	64	71	71	71	75	999		
85	76	76	73	73	73	90	90	90	94	94	94	76	999		
86	76	76	76	76	76	102	102	102	80	80	80	76	1002		
87	76	76	86	86	86	80	80	80	91	91	91	76	999		
88	76	76	86	86	86	86	86	86	86	86	86	76	1002		
89	76	76	86	86	86	89	89	89	83	83	83	76	1002		
90	76	76	93	93	93	76	76	76	88	88	88	76	999		
91	77	77	69	69	69	88	88	88	99	99	99	77	999		
92	77	77	77	77	77	70	70	70	110	110	110	77	1002		
93	77	77	77	77	77	77	77	77	102	102	102	77	999		
94	77	77	77	77	77	91	91	91	89	89	89	77	1002		
95	77	77	77	77	77	102	102	102	77	77	77	77	999		
96	77	77	83	83	83	90	90	90	83	83	83	77	999		
97	77	77	84	84	84	90	90	90	83	83	83	77	1002		
98	77	77	87	87	87	70	70	70	100	100	100	77	1002		
99	77	77	90	90	90	86	86	86	80	80	80	77	999		
100	77	77	90	90	90	90	90	90	77	77	77	77	1002		
101	77	77	92	92	92	76	76	76	88	88	88	77	999		
102	77	77	92	92	92	77	77	77	88	88	88	77	1002		
103	77	77	100	100	100	97	97	97	59	59	59	77	999		
104	78	78	74	74	74	81	81	81	101	101	101	78	1002		
105	78	78	78	78	78	89	89	89	89	89	89	78	1002		
106	78	78	79	79	79	81	81	81	95	95	95	78	999		
107	78	78	82	82	82	91	91	91	82	82	82	78	999		
108	78	78	83	83	83	85	85	85	87	87	87	78	999		
109	78	78	84	84	84	83	83	83	89	89	89	78	1002		
110	78	78	84	84	84	88	88	88	83	83	83	78	999		
111	78	78	85	85	85	86	86	86	84	84	84	78	999		
112	78	78	85	85	85	88	88	88	82	82	82	78	999		
113	78	78	86	86	86	78	78	78	91	91	91	78	999		
114	78	78	88	88	88	81	81	81	86	86	86	78	999		
115	78	78	88	88	88	82	82	82	86	86	86	78	1002		
116	78	78	89	89	89	78	78	78	89	89	89	78	1002		
117	78	78	89	89	89	83	83	83	83	83	83	78	999		
118	78	78	92	92	92	76	76	76	89	89	89	78	1005		
119	78	78	92	92	92	77	77	77	86	86	86	78	999		
120	78	78	93	93	93	88	88	88	73	73	73	78	996		
121	78	78	98	98	98	78	78	78	78	78	78	78	996		
122	78	78	99	99	99	99	99	99	58	58	58	78	1002		
123	79	79	71	71	71	65	65	65	118	118	118	79	999		
124	79	79	79	79	79	84	84	84	91	91	91	79	999		
125	79	79	79	79	79	88	88	88	88	88	88	79	1002		
126	79	79	80	80	80	88	88	88	86	86	86	79	999		
127	79	79	83	83	83	84	84	84	87	87	87	79	999		
128	79	79	84	84	84	83	83	83	87	87	87	79	999		
129	79	79	84	84	84	87	87	87	82	82	82	79	996		
130	79	79	84	84	84	88	88	88	83	83	83	79	1002		
131	79	79	85	85	85	85	85	85	84	84	84	79	999		
132	79	79	87	87	87	80	80	80	87	87	87	79	999		
133	79	79	87	87	87	83	83	83	84	84	84	79	999		
134	79	79	87	87	87	88	88	88	80	80	80	79	1002		
135	79	79	88	88	88	85	85	85	81	81	81	79	999		
136	79	79	88	88	88	88	88	88	79	79	79	79	1002		
137	79	79	91	91	91	85	85	85	78	78	78	79	999		
138	79	79	92	92	92	83	83	83	79	79	79	79	999		
139	79	79	92	92	92	88	88	88	75	75	75	79	1002		
140	80	80	79	79	79	87	87	87	87	87	87	80	999		
141	80	80	80	80	80	90	90	90	82	82	82	80	996		
142	80	80	80	80	80	93	93	93	80	80	80	80	999		
143	80	80	81	81	81	81	81	81	91	91	91	80	999		
144	80	80	82	82	82	87	87	87	85	85	85	80	1002		
145	80	80	83	83	83	77	77	77	93	93	93	80	999		
146	80	80	83	83	83	83	83	83	87	87	87	80	999		
147	80	80	83	83	83	85	85	85	85	85	85	80	999		
148	80	80	83	83	83	86	86	86	84	84	84	80	999		
149	80	80	83	83	83	87	87	87	83	83	83	80	999		
150	80	80	84	84	84	82	82	82	88	88	88	80	1002		
151	80	80	84	84	84	84	84	84	85	85	85	80	999		
152	80	80	84	84	84	86	86	86	82	82	82	80	996		
153	80	80	84	84	84	87	87	87	83	83	83	80	1002		
154	80	80	85	85	85	83	83	83	85	85	85	80	999		
155	80	80	85	85	85	86	86	86	82	82	82	80	999		
156	80	80	85	85	85	89	89	89	80	80	80	80	1002		
157	80	80	86	86	86	81	81	81	85	85	85	80	996		
158	80	80	86	86	86	86	86	86	80	80	80	80	996		
159	80	80	87	87	87	80	80	80	87	87	87	80	1002		
160	80	80	87	87	87	87	87	87	80	80	80	80	1002		
161	80	80	88	88	88	78	78	78	87	87	87	80	999		
162	80	80	88	88	88	78	78	78	88	88	88	80	1002		
163	80	80	89	89	89	86	86	86	78	78	78	80	999		
164	80	80	90	90	90	83	83	83	80	80	80	80	999		
165	81	81	75	75	75	85	85	85	92	92	92	81	999		
166	81	81	79	79	79	82	82	82	91	91	91	81	999		
167	81	81	79	79	79	84	84	84	88	88	88	81	996		
168	81	81	79	79	79	85	85	85	89	89	89	81	1002		
169	81	81	80	80	80	87	87	87	86	86	86	81	1002		
170	81	81	81	81	81	83	83	83	89	89	89	81	1002		
171	81	81	81	81	81	86	86	86	86	86	86	81	1002		
172	81	81	82	82	82	85	85	85	85	85	85	81	999		
173	81	81	82	82	82	86	86	86	85	85	85	81	1002		
174	81	81	83	83	83	84	84	84	85	85	85	81	999		
175	81	81	83	83	83	85	85	85	85	85	85	81	1002		
176	81	81	83	83	83	86	86	86	84	84	84	81	1002		
177	81	81	83	83	83	89	89	89	81	81	81	81	1002		
178	81	81	84	84	84	81	81	81	88	88	88	81	1002		
179	81	81	84	84	84	83	83	83	84	84	84	81	996		
180	81	81	84	84	84	84	84	84	83	83	83	81	996		
181	81	81	84	84	84	84	84	84	84	84	84	81	999		
182	81	81	84	84	84	85	85	85	83	83	83	81	999		
183	81	81	84	84	84	86	86	86	82	82	82	81	999		
184	81	81	84	84	84	86	86	86	83	83	83	81	1002		
185	81	81	85	85	85	81	81	81	85	85	85	81	996		
186	81	81	85	85	85	83	83	83	85	85	85	81	1002		
187	81	81	85	85	85	86	86	86	82	82	82	81	1002		
188	81	81	86	86	86	77	77	77	90	90	90	81	1002		
189	81	81	86	86	86	86	86	86	81	81	81	81	1002		
190	81	81	87	87	87	81	81	81	84	84	84	81	999		
191	81	81	87	87	87	86	86	86	79	79	79	81	999		
192	81	81	89	89	89	81	81	81	82	82	82	81	999		
193	81	81	89	89	89	83	83	83	80	80	80	81	999		
194	81	81	89	89	89	83	83	83	81	81	81	81	1002		
195	81	81	92	92	92	89	89	89	71	71	71	81	999		
196	82	82	76	76	76	86	86	86	89	89	89	82	999		
197	82	82	80	80	80	81	81	81	90	90	90	82	999		
198	82	82	80	80	80	88	88	88	83	83	83	82	999		
199	82	82	81	81	81	85	85	85	85	85	85	82	999		
200	82	82	81	81	81	86	86	86	85	85	85	82	1002		
201	82	82	81	81	81	89	89	89	81	81	81	82	999		
202	82	82	82	82	82	84	84	84	85	85	85	82	999		
203	82	82	82	82	82	85	85	85	83	83	83	82	996		
204	82	82	82	82	82	85	85	85	84	84	84	82	999		
205	82	82	82	82	82	85	85	85	85	85	85	82	1002		
206	82	82	82	82	82	87	87	87	83	83	83	82	1002		
207	82	82	82	82	82	88	88	88	81	81	81	82	999		
208	82	82	83	83	83	81	81	81	86	86	86	82	996		
209	82	82	83	83	83	82	82	82	86	86	86	82	999		
210	82	82	83	83	83	83	83	83	84	84	84	82	996		
211	82	82	83	83	83	83	83	83	85	85	85	82	999		
212	82	82	83	83	83	84	84	84	84	84	84	82	999		
213	82	82	83	83	83	85	85	85	82	82	82	82	996		
214	82	82	83	83	83	85	85	85	83	83	83	82	999		
215	82	82	83	83	83	86	86	86	82	82	82	82	999		
216	82	82	84	84	84	79	79	79	88	88	88	82	999		
217	82	82	84	84	84	83	83	83	83	83	83	82	996		
218	82	82	84	84	84	83	83	83	84	84	84	82	999		
219	82	82	84	84	84	83	83	83	85	85	85	82	1002		
220	82	82	84	84	84	84	84	84	82	82	82	82	996		
221	82	82	84	84	84	84	84	84	83	83	83	82	999		
222	82	82	84	84	84	84	84	84	84	84	84	82	1002		
223	82	82	84	84	84	85	85	85	82	82	82	82	999		
224	82	82	85	85	85	80	80	80	87	87	87	82	1002		
225	82	82	85	85	85	82	82	82	85	85	85	82	1002		
226	82	82	85	85	85	83	83	83	82	82	82	82	996		
227	82	82	85	85	85	83	83	83	83	83	83	82	999		
228	82	82	85	85	85	83	83	83	84	84	84	82	1002		
229	82	82	85	85	85	84	84	84	82	82	82	82	999		
230	82	82	85	85	85	84	84	84	83	83	83	82	1002		
231	82	82	85	85	85	85	85	85	82	82	82	82	1002		
232	82	82	85	85	85	87	87	87	81	81	81	82	1005		
233	82	82	85	85	85	88	88	88	78	78	78	82	999		
234	82	82	86	86	86	80	80	80	85	85	85	82	999		
235	82	82	86	86	86	82	82	82	82	82	82	82	996		
236	82	82	86	86	86	83	83	83	83	83	83	82	1002		
237	82	82	87	87	87	80	80	80	84	84	84	82	999		
238	82	82	87	87	87	81	81	81	83	83	83	82	999		
239	82	82	87	87	87	82	82	82	82	82	82	82	999		
240	82	82	87	87	87	83	83	83	82	82	82	82	1002		
241	82	82	90	90	90	87	87	87	74	74	74	82	999		
242	83	83	65	65	65	65	65	65	120	120	120	83	999		
243	83	83	71	71	71	71	71	71	108	108	108	83	999		
244	83	83	73	73	73	83	83	83	94	94	94	83	999		
245	83	83	75	75	75	80	80	80	96	96	96	83	1002		
246	83	83	77	77	77	87	87	87	87	87	87	83	1002		
247	83	83	78	78	78	72	72	72	100	100	100	83	999		
248	83	83	79	79	79	87	87	87	85	85	85	83	1002		
249	83	83	80	80	80	81	81	81	89	89	89	83	999		
250	83	83	80	80	80	83	83	83	88	88	88	83	1002		
251	83	83	80	80	80	85	85	85	84	84	84	83	996		
252	83	83	81	81	81	81	81	81	88	88	88	83	999		
253	83	83	81	81	81	84	84	84	85	85	85	83	999		
254	83	83	81	81	81	84	84	84	86	86	86	83	1002		
255	83	83	81	81	81	86	86	86	84	84	84	83	1002		
256	83	83	82	82	82	83	83	83	86	86	86	83	1002		
257	83	83	82	82	82	84	84	84	84	84	84	83	999		
258	83	83	82	82	82	84	84	84	85	85	85	83	1002		
259	83	83	82	82	82	85	85	85	84	84	84	83	1002		
260	83	83	82	82	82	85	85	85	85	85	85	83	1005		
261	83	83	83	83	83	80	80	80	87	87	87	83	999		
262	83	83	83	83	83	83	83	83	83	83	83	83	996		
263	83	83	83	83	83	83	83	83	84	84	84	83	999		
264	83	83	83	83	83	83	83	83	85	85	85	83	1002		
265	83	83	83	83	83	83	83	83	86	86	86	83	1005		
266	83	83	83	83	83	84	84	84	83	83	83	83	999		
267	83	83	83	83	83	84	84	84	84	84	84	83	1002		
268	83	83	83	83	83	85	85	85	83	83	83	83	1002		
269	83	83	84	84	84	83	83	83	83	83	83	83	999		
270	83	83	84	84	84	83	83	83	84	84	84	83	1002		
271	83	83	84	84	84	84	84	84	82	82	82	83	999		
272	83	83	84	84	84	84	84	84	83	83	83	83	1002		
273	83	83	84	84	84	86	86	86	81	81	81	83	1002		
274	83	83	84	84	84	87	87	87	79	79	79	83	999		
275	83	83	85	85	85	81	81	81	85	85	85	83	1002		
276	83	83	85	85	85	82	82	82	83	83	83	83	999		
277	83	83	85	85	85	82	82	82	84	84	84	83	1002		
278	83	83	85	85	85	83	83	83	82	82	82	83	999		
279	83	83	85	85	85	83	83	83	83	83	83	83	1002		
280	83	83	85	85	85	84	84	84	82	82	82	83	1002		
281	83	83	85	85	85	85	85	85	81	81	81	83	1002		
282	83	83	87	87	87	81	81	81	83	83	83	83	1002		
283	83	83	87	87	87	93	93	93	70	70	70	83	999		
284	83	83	90	90	90	83	83	83	77	77	77	83	999		
285	84	84	76	76	76	80	80	80	93	93	93	84	999		
286	84	84	79	79	79	82	82	82	88	88	88	84	999		
287	84	84	79	79	79	84	84	84	86	86	86	84	999		
288	84	84	80	80	80	84	84	84	84	84	84	84	996		
289	84	84	80	80	80	85	85	85	84	84	84	84	999		
290	84	84	81	81	81	80	80	80	87	87	87	84	996		
291	84	84	81	81	81	81	81	81	88	88	88	84	1002		
292	84	84	81	81	81	83	83	83	85	85	85	84	999		
293	84	84	82	82	82	78	78	78	89	89	89	84	999		
294	84	84	82	82	82	83	83	83	84	84	84	84	999		
295	84	84	82	82	82	84	84	84	82	82	82	84	996		
296	84	84	82	82	82	84	84	84	83	83	83	84	999		
297	84	84	82	82	82	84	84	84	84	84	84	84	1002		
298	84	84	82	82	82	85	85	85	83	83	83	84	1002		
299	84	84	83	83	83	81	81	81	84	84	84	84	996		
300	84	84	83	83	83	81	81	81	85	85	85	84	999		
301	84	84	83	83	83	82	82	82	83	83	83	84	996		
302	84	84	83	83	83	82	82	82	84	84	84	84	999		
303	84	84	83	83	83	83	83	83	82	82	82	84	996		
304	84	84	83	83	83	83	83	83	83	83	83	84	999		
305	84	84	83	83	83	83	83	83	84	84	84	84	1002		
306	84	84	83	83	83	84	84	84	82	82	82	84	999		
307	84	84	83	83	83	84	84	84	83	83	83	84	1002		
308	84	84	84	84	84	78	78	78	88	88	88	84	1002		
309	84	84	84	84	84	82	82	82	83	83	83	84	999		
310	84	84	84	84	84	83	83	83	83	83	83	84	1002		
311	84	84	84	84	84	83	83	83	84	84	84	84	1005		
312	84	84	84	84	84	84	84	84	81	81	81	84	999		
313	84	84	84	84	84	84	84	84	82	82	82	84	1002		
314	84	84	85	85	85	82	82	82	82	82	82	84	999		
315	84	84	85	85	85	83	83	83	81	81	81	84	999		
316	84	84	87	87	87	82	82	82	81	81	81	84	1002		
317	84	84	87	87	87	87	87	87	76	76	76	84	1002		
318	84	84	90	90	90	80	80	80	79	79	79	84	999		
319	84	84	91	91	91	72	72	72	87	87	87	84	1002		
320	85	85	65	65	65	142	142	142	42	42	42	85	1002		
321	85	85	78	78	78	84	84	84	86	86	86	85	999		
322	85	85	78	78	78	85	85	85	85	85	85	85	999		
323	85	85	78	78	78	90	90	90	80	80	80	85	999		
324	85	85	79	79	79	74	74	74	96	96	96	85	1002		
325	85	85	80	80	80	83	83	83	86	86	86	85	1002		
326	85	85	81	81	81	86	86	86	81	81	81	85	999		
327	85	85	82	82	82	82	82	82	84	84	84	85	999		
328	85	85	82	82	82	82	82	82	85	85	85	85	1002		
329	85	85	82	82	82	83	83	83	83	83	83	85	999		
330	85	85	83	83	83	78	78	78	87	87	87	85	999		
331	85	85	83	83	83	82	82	82	84	84	84	85	1002		
332	85	85	83	83	83	83	83	83	82	82	82	85	999		
333	85	85	83	83	83	83	83	83	83	83	83	85	1002		
334	85	85	83	83	83	83	83	83	84	84	84	85	1005		
335	85	85	84	84	84	81	81	81	83	83	83	85	999		
336	85	85	84	84	84	83	83	83	82	82	82	85	1002		
337	85	85	84	84	84	84	84	84	81	81	81	85	1002		
338	85	85	85	85	85	78	78	78	85	85	85	85	999		
339	85	85	85	85	85	79	79	79	84	84	84	85	999		
340	85	85	85	85	85	80	80	80	83	83	83	85	999		
341	85	85	85	85	85	82	82	82	82	82	82	85	1002		
342	85	85	85	85	85	85	85	85	78	78	78	85	999		
343	85	85	85	85	85	85	85	85	79	79	79	85	1002		
344	85	85	86	86	86	80	80	80	82	82	82	85	999		
345	85	85	89	89	89	78	78	78	80	80	80	85	996		
346	85	85	89	89	89	83	83	83	76	76	76	85	999		
347	86	86	72	72	72	88	88	88	87	87	87	86	999		
348	86	86	77	77	77	85	85	85	85	85	85	86	999		
349	86	86	78	78	78	88	88	88	81	81	81	86	999		
350	86	86	79	79	79	77	77	77	91	91	91	86	999		
351	86	86	79	79	79	84	84	84	85	85	85	86	1002		
352	86	86	79	79	79	89	89	89	79	79	79	86	999		
353	86	86	80	80	80	80	80	80	86	86	86	86	996		
354	86	86	81	81	81	81	81	81	85	85	85	86	999		
355	86	86	81	81	81	83	83	83	83	83	83	86	999		
356	86	86	81	81	81	86	86	86	81	81	81	86	1002		
357	86	86	82	82	82	79	79	79	87	87	87	86	1002		
358	86	86	82	82	82	82	82	82	83	83	83	86	999		
359	86	86	82	82	82	83	83	83	82	82	82	86	999		
360	86	86	83	83	83	79	79	79	85	85	85	86	999		
361	86	86	83	83	83	82	82	82	83	83	83	86	1002		
362	86	86	83	83	83	86	86	86	78	78	78	86	999		
363	86	86	84	84	84	79	79	79	85	85	85	86	1002		
364	86	86	84	84	84	80	80	80	82	82	82	86	996		
365	86	86	84	84	84	83	83	83	80	80	80	86	999		
366	86	86	85	85	85	81	81	81	82	82	82	86	1002		
367	86	86	86	86	86	79	79	79	83	83	83	86	1002		
368	86	86	86	86	86	81	81	81	81	81	81	86	1002		
369	86	86	86	86	86	83	83	83	79	79	79	86	1002		
370	86	86	86	86	86	86	86	86	75	75	75	86	999		
371	86	86	86	86	86	86	86	86	76	76	76	86	1002		
372	86	86	89	89	89	81	81	81	77	77	77	86	999		
373	86	86	89	89	89	83	83	83	75	75	75	86	999		
374	87	87	70	70	70	92	92	92	85	85	85	87	1002		
375	87	87	70	70	70	100	100	100	77	77	77	87	1002		
376	87	87	78	78	78	88	88	88	81	81	81	87	1002		
377	87	87	80	80	80	80	80	80	87	87	87	87	1002		
378	87	87	80	80	80	83	83	83	83	83	83	87	999		
379	87	87	80	80	80	87	87	87	80	80	80	87	1002		
380	87	87	81	81	81	81	81	81	85	85	85	87	1002		
381	87	87	82	82	82	81	81	81	84	84	84	87	1002		
382	87	87	82	82	82	82	82	82	82	82	82	87	999		
383	87	87	83	83	83	78	78	78	85	85	85	87	999		
384	87	87	83	83	83	87	87	87	77	77	77	87	1002		
385	87	87	86	86	86	80	80	80	80	80	80	87	999		
386	87	87	87	87	87	73	73	73	87	87	87	87	1002		
387	87	87	87	87	87	80	80	80	80	80	80	87	1002		
388	87	87	87	87	87	87	87	87	72	72	72	87	999		
389	87	87	87	87	87	87	87	87	73	73	73	87	1002		
390	87	87	88	88	88	80	80	80	78	78	78	87	999		
391	87	87	89	89	89	79	79	79	78	78	78	87	999		
392	88	88	73	73	73	83	83	83	88	88	88	88	996		
393	88	88	74	74	74	83	83	83	88	88	88	88	999		
394	88	88	77	77	77	77	77	77	92	92	92	88	1002		
395	88	88	79	79	79	79	79	79	88	88	88	88	1002		
396	88	88	79	79	79	82	82	82	85	85	85	88	1002		
397	88	88	83	83	83	77	77	77	86	86	86	88	1002		
398	88	88	84	84	84	83	83	83	78	78	78	88	999		
399	88	88	88	88	88	82	82	82	77	77	77	88	1005		
400	89	89	56	56	56	56	56	56	133	133	133	89	1002		
401	89	89	67	67	67	97	97	97	80	80	80	89	999		
402	89	89	80	80	80	78	78	78	87	87	87	89	1002		
403	89	89	82	82	82	81	81	81	82	82	82	89	1002		
404	89	89	83	83	83	81	81	81	81	81	81	89	1002		
405	89	89	87	87	87	65	65	65	92	92	92	89	999		
406	89	89	89	89	89	62	62	62	93	93	93	89	999		
407	90	90	80	80	80	90	90	90	73	73	73	90	999		
408	90	90	81	81	81	79	79	79	84	84	84	90	1002		
409	90	90	84	84	84	86	86	86	73	73	73	90	999		
410	90	90	87	87	87	70	70	70	87	87	87	90	1002		
411	90	90	87	87	87	82	82	82	74	74	74	90	999		
412	90	90	90	90	90	60	60	60	93	93	93	90	999		
413	90	90	90	90	90	77	77	77	77	77	77	90	1002		
414	90	90	90	90	90	80	80	80	73	73	73	90	999		
415	91	91	77	77	77	78	78	78	88	88	88	91	1002		
416	91	91	79	79	79	78	78	78	86	86	86	91	1002		
417	91	91	80	80	80	88	88	88	74	74	74	91	999		
418	91	91	81	81	81	80	80	80	82	82	82	91	1002		
419	91	91	88	88	88	76	76	76	78	78	78	91	999		
420	91	91	91	91	91	81	81	81	71	71	71	91	1002		
421	91	91	104	104	104	53	53	53	85	85	85	91	999		
422	92	92	42	42	42	42	42	42	158	158	158	92	1002		
423	92	92	47	47	47	101	101	101	94	94	94	92	1002		
424	92	92	75	75	75	75	75	75	92	92	92	92	1002		
425	92	92	79	79	79	83	83	83	80	80	80	92	1002		
426	92	92	92	92	92	58	58	58	92	92	92	92	1002		
427	93	93	79	79	79	73	73	73	89	89	89	93	1002		
428	93	93	81	81	81	64	64	64	96	96	96	93	1002		
429	93	93	84	84	84	85	85	85	72	72	72	93	1002		
430	93	93	88	88	88	78	78	78	74	74	74	93	999		
431	93	93	93	93	93	73	73	73	73	73	73	93	996		
432	93	93	93	93	93	79	79	79	67	67	67	93	996		
433	94	94	73	73	73	93	93	93	73	73	73	94	999		
434	94	94	74	74	74	87	87	87	78	78	78	94	999		
435	94	94	80	80	80	80	80	80	80	80	80	94	1002		
436	95	95	73	73	73	78	78	78	87	87	87	95	999		
437	96	96	72	72	72	72	72	72	93	93	93	96	999		
438	96	96	77	77	77	75	75	75	86	86	86	96	1002		
439	96	96	203	203	203	7	7	7	28	28	28	96	1002		
440	97	97	27	27	27	107	107	107	103	103	103	97	1002		
441	97	97	74	74	74	71	71	71	91	91	91	97	999		
442	97	97	80	80	80	77	77	77	80	80	80	97	1002		
443	97	97	94	94	94	72	72	72	70	70	70	97	999		
444	97	97	107	107	107	83	83	83	47	47	47	97	1002		
445	98	98	78	78	78	78	78	78	78	78	78	98	996		
446	100	100	67	67	67	67	67	67	100	100	100	100	1002		
447	100	100	69	69	69	73	73	73	91	91	91	100	999		
448	100	100	92	92	92	76	76	76	65	65	65	100	999		
449	100	100	100	100	100	67	67	67	67	67	67	100	1002		
450	100	100	100	100	100	77	77	77	57	57	57	100	1002		
451	102	102	62	62	62	64	64	64	105	105	105	102	999		
452	102	102	123	123	123	58	58	58	50	50	50	102	999		
453	103	103	94	94	94	75	75	75	62	62	62	103	1002		
454	105	105	62	62	62	62	62	62	105	105	105	105	1002		
455	106	106	85	85	85	73	73	73	69	69	69	106	999		
456	107	107	69	69	69	69	69	69	88	88	88	107	999		
457	108	108	112	112	112	63	63	63	50	50	50	108	999		
458	110	110	13	13	13	53	53	53	157	157	157	110	999		
459	110	110	106	106	106	39	39	39	79	79	79	110	1002		
460	111	111	56	56	56	56	56	56	111	111	111	111	1002		
461	111	111	117	117	117	51	51	51	54	54	54	111	999		
462	112	112	83	83	83	74	74	74	65	65	65	112	1002		
463	114	114	69	69	69	69	69	69	81	81	81	114	999		
464	114	114	76	76	76	65	65	65	77	77	77	114	996		
465	115	115	119	119	119	63	63	63	37	37	37	115	1002		
466	116	116	142	142	142	47	47	47	29	29	29	116	1002		
467	117	117	67	67	67	67	67	67	83	83	83	117	1002		
468	117	117	75	75	75	93	93	93	48	48	48	117	999		
469	117	117	83	83	83	50	50	50	83	83	83	117	999		
470	117	117	117	117	117	50	50	50	50	50	50	117	1002		
471	123	123	43	43	43	43	43	43	123	123	123	123	996		
472	123	123	113	113	113	17	17	17	80	80	80	123	999		
473	125	125	42	42	42	42	42	42	125	125	125	125	1002		
474	133	133	33	33	33	33	33	33	133	133	133	133	996		
475	133	133	133	133	133	33	33	33	33	33	33	133	996		
476	133	133	137	137	137	21	21	21	43	43	43	133	1002		
477	133	133	163	163	163	23	23	23	13	13	13	133	996		
478	137	137	127	127	127	37	37	37	33	33	33	137	1002		
479	139	139	53	53	53	53	53	53	89	89	89	139	1002		
480	144	144	23	23	23	24	24	24	143	143	143	144	1002		
481	167	167	0	0	0	0	0	0	167	167	167	167	1002		
482	167	167	56	56	56	56	56	56	56	56	56	167	1005		
483	167	167	83	83	83	42	42	42	42	42	42	167	1002		
484	175	175	58	58	58	42	42	42	58	58	58	175	999		
485	190	190	75	75	75	5	5	5	64	64	64	190	1002		
486	191	191	31	31	31	53	53	53	58	58	58	191	999		
487	250	250	83	83	83	0	0	0	0	0	0	250	999		
488	33	33	167	167	167	100	100	100	33	33	33	33	999		
489	50	50	83	83	83	133	133	133	67	67	67	50	999		
501	0	0	0	190	190	200	40	40	40	100	100	100	1000		
502	0	0	0	110	110	110	20	20	20	200	200	210	1000		
503	0	0	0	160	160	160	20	20	20	150	150	160	1000		
504	40	40	60	60	100	110	120	120	110	120	70	50	1000		
505	20	30	40	70	110	110	100	120	130	120	100	50	1000		
506	30	40	50	70	110	110	100	110	110	120	90	60	1000		
507	70	60	70	80	80	90	100	90	90	90	90	90	1000		
508	80	80	80	80	80	80	90	90	80	90	90	80	1000		
509	70	70	80	70	90	90	90	90	90	90	90	80	1000		
510	10	20	20	100	80	100	110	110	120	110	110	110	1000		
511	0	0	0	330	340	330	0	0	0	0	0	0	1000		
512	0	0	0	290	300	290	20	20	20	20	20	20	1000		
513	0	0	0	80	80	80	20	20	20	230	240	230	1000		
514	90	90	90	70	70	70	80	80	90	90	90	90	1000		
515	70	70	70	70	90	90	90	90	90	90	90	90	1000		
516	60	60	60	80	90	100	100	110	90	100	80	70	1000		
517	50	70	80	80	90	90	90	90	90	90	90	90	1000		
518	80	80	130	60	60	90	80	70	70	60	70	150	1000		
519	80	80	80	90	80	80	70	80	90	120	90	60	1000		
520	70	70	80	80	90	90	90	90	90	100	80	70	1000		
521	80	80	80	80	100	90	60	90	90	90	90	70	1000		
522	70	70	70	100	100	100	60	60	60	100	110	100	1000		
523	50	70	120	60	100	90	70	90	90	80	80	100	1000		
524	70	80	90	80	80	90	70	80	100	90	90	80	1000		
525	40	40	50	70	110	100	120	120	110	110	80	50	1000		
526	50	60	70	80	100	100	80	100	100	100	90	70	1000		
527	60	60	70	80	90	100	100	90	90	100	90	70	1000		
528	40	30	50	60	100	110	130	120	130	120	70	40	1000		
529	50	60	60	70	100	110	110	100	100	110	70	60	1000		
530	60	60	60	60	80	100	110	100	100	110	90	70	1000		
531	60	70	80	90	90	90	100	90	90	90	80	70	1000		
532	30	30	30	100	100	100	170	180	170	30	30	30	1000		
533	70	90	80	90	90	100	90	80	80	80	80	70	1000		
534	0	0	0	230	240	230	80	80	80	20	20	20	1000		
535	20	20	50	20	150	200	130	100	80	100	100	30	1000		
536	0	0	0	170	170	170	160	160	170	0	0	0	1000		
537	0	0	0	160	160	140	130	130	140	140	0	0	1000		
538	0	70	90	120	120	110	100	90	100	110	90	0	1000		
539	0	50	50	150	150	150	130	130	140	50	0	0	1000		
540	0	0	0	120	170	150	140	130	140	150	0	0	1000		
541	0	0	0	80	80	80	170	180	170	80	80	80	1000		
542	0	0	0	60	60	60	180	190	180	90	90	90	1000		
543	10	10	10	60	60	60	200	210	200	60	60	60	1000		
544	30	30	30	70	70	70	160	160	160	80	70	70	1000		
545	30	30	30	90	90	90	140	150	140	70	70	70	1000		
546	0	0	0	90	90	90	230	240	230	10	10	10	1000		
547	0	0	0	90	90	90	180	190	180	60	60	60	1000		
548	10	10	10	120	120	120	160	150	150	50	50	50	1000		
549	30	30	30	70	70	70	170	180	170	60	60	60	1000		
550	0	0	0	0	0	0	330	340	330	0	0	0	1000		
551	60	60	60	80	80	80	110	120	110	80	80	80	1000		
552	110	100	100	70	70	70	100	100	100	60	60	60	1000		
553	80	80	80	80	80	80	90	100	90	80	80	80	1000		
554	60	60	60	70	70	70	130	140	130	70	70	70	1000		
555	20	20	20	40	40	40	140	150	140	130	130	130	1000		
556	90	90	90	110	120	110	60	60	60	70	70	70	1000		
557	90	90	90	90	90	90	90	90	70	70	70	70	1000		
558	90	90	90	80	80	90	90	90	90	70	70	70	1000		
559	80	80	80	90	90	90	70	70	70	90	100	90	1000		
560	100	90	90	80	80	80	80	80	80	80	80	80	1000		
561	90	90	90	100	110	100	80	80	80	60	60	60	1000		
562	60	60	60	100	110	100	100	100	100	70	70	70	1000		
563	10	10	10	130	130	130	140	130	130	60	60	60	1000		
564	70	70	70	70	70	70	120	130	120	70	70	70	1000		
565	60	60	60	50	50	50	160	170	160	60	60	60	1000		
566	50	50	50	90	90	90	90	90	90	100	110	100	1000		
567	0	0	0	100	100	100	110	110	110	120	130	120	1000		
568	0	0	0	70	70	70	260	270	260	0	0	0	1000		
569	0	0	0	10	10	10	310	320	310	10	10	10	1000		
570	60	60	70	70	90	80	110	130	80	90	80	80	1000		
571	70	60	70	80	80	80	110	110	80	90	90	80	1000		
572	70	70	70	110	100	90	90	90	90	70	80	70	1000		
573	50	50	60	80	90	80	110	120	110	100	80	70	1000		
574	50	60	60	100	100	90	120	120	120	70	60	50	1000		
575	70	70	70	70	80	90	90	100	100	90	90	80	1000		
576	70	60	70	90	90	80	100	100	90	90	80	80	1000		
577	40	30	40	60	90	100	180	160	110	70	60	60	1000		
578	50	70	70	80	80	60	180	130	30	100	80	70	1000		
579	150	160	150	70	70	70	20	20	20	90	90	90	1000		
580	160	170	160	70	70	70	10	10	10	90	90	90	1000		
581	170	160	160	60	60	60	10	10	10	100	100	100	1000		
582	160	160	160	60	60	60	20	20	20	90	100	90	1000		
583	90	80	90	80	100	100	80	70	60	90	80	80	1000		
584	90	80	80	80	90	90	80	90	70	80	90	80	1000		
585	70	70	70	90	100	90	90	100	70	90	80	80	1000		
586	60	80	80	80	70	80	140	120	100	70	60	60	1000		
587	60	60	60	90	90	90	100	110	100	80	80	80	1000		
588	90	80	80	80	80	80	90	90	90	80	80	80	1000		
589	70	70	70	90	90	90	100	90	90	80	80	80	1000		
590	70	70	70	100	110	100	90	90	90	70	70	70	1000		
591	0	0	0	110	110	110	0	0	0	220	230	220	1000		
592	120	120	120	0	0	0	70	70	70	140	150	140	1000		
593	150	140	140	50	50	50	60	60	60	80	80	80	1000		
594	110	100	100	80	80	80	60	60	60	90	90	90	1000		
595	120	120	110	60	100	80	40	40	70	60	80	120	1000		
596	110	100	100	70	70	70	70	70	70	90	90	90	1000		
597	120	130	120	60	60	60	60	60	60	90	90	90	1000		
598	110	110	110	90	90	90	80	70	70	60	60	60	1000		
599	90	90	90	60	60	60	70	70	70	110	120	110	1000		
600	70	70	70	70	70	70	60	60	60	130	140	130	1000		
601	90	90	90	60	60	60	80	80	80	100	110	100	1000		
602	90	90	90	50	50	50	140	150	140	50	50	50	1000		
603	120	110	110	60	60	60	90	90	90	70	70	70	1000		
604	170	180	170	40	40	40	40	40	40	80	80	80	1000		
605	150	160	150	50	50	50	40	40	40	90	90	90	1000		
606	140	150	140	60	60	60	30	30	30	100	100	100	1000		
607	130	140	130	50	50	50	30	30	30	120	120	120	1000		
608	120	130	120	60	60	60	40	40	40	110	110	110	1000		
609	30	30	30	100	100	100	170	180	170	30	30	30	1000		
610	130	140	130	70	70	70	40	40	40	90	90	90	1000		
611	160	150	150	50	50	50	20	20	20	110	110	110	1000		
612	140	150	140	40	40	40	30	30	30	120	120	120	1000		
613	0	0	0	130	130	130	170	180	170	30	30	30	1000		
614	270	270	280	30	30	30	0	0	0	30	30	30	1000		
615	90	90	100	80	90	90	70	70	70	90	80	80	1000		
616	70	90	90	90	70	90	120	90	70	80	70	70	1000		
617	70	70	70	70	90	90	100	100	80	90	90	80	1000		
618	70	60	70	80	90	100	100	120	80	80	80	70	1000		
619	60	80	80	80	70	90	130	110	90	70	70	70	1000		
620	110	110	120	90	90	90	50	50	50	80	80	80	1000		
621	60	60	60	100	110	100	90	90	90	80	80	80	1000		
622	40	40	40	50	50	50	210	220	210	30	30	30	1000		
623	60	60	60	80	80	80	100	110	100	90	90	90	1000		
624	80	80	80	70	70	70	90	90	90	100	90	90	1000		
625	70	70	70	90	90	90	100	110	100	70	70	70	1000		
626	30	30	30	80	80	80	110	110	110	120	110	110	1000		
627	100	100	100	70	70	70	80	90	80	80	80	80	1000		
628	50	50	50	70	70	70	150	160	150	60	60	60	1000		
629	50	40	30	50	90	90	130	130	130	90	90	80	1000		
630	60	50	40	60	90	90	130	120	120	80	90	70	1000		
631	70	60	50	70	100	100	100	100	100	80	90	80	1000		
632	80	70	60	60	90	90	100	100	90	90	90	80	1000		
633	60	60	50	70	90	90	90	90	100	100	100	100	1000		
634	50	40	50	90	100	90	100	100	100	100	100	80	1000		
635	60	30	40	110	80	90	130	80	100	70	100	110	1000		
636	40	30	50	90	120	70	140	110	110	100	70	70	1000		
637	50	50	50	70	80	80	110	110	110	100	100	90	1000		
638	70	70	70	100	80	90	100	100	90	80	80	70	1000		
639	60	50	50	60	60	60	160	170	160	60	60	50	1000		
640	60	60	60	110	120	110	70	70	70	90	90	90	1000		
641	40	40	40	100	100	100	140	150	140	50	50	50	1000		
642	50	50	50	90	90	90	100	110	100	90	90	90	1000		
643	50	50	50	110	120	110	100	100	100	70	70	70	1000		
644	90	90	90	50	50	50	120	130	120	70	70	70	1000		
645	0	0	0	0	0	0	0	60	0	940	0	0	1000		
646	0	0	0	0	0	0	0	1000	0	0	0	0	1000		
647	0	0	0	0	0	0	0	0	0	1000	0	0	1000		
648	680	0	0	20	0	0	0	0	0	0	0	300	1000		
649	0	0	0	20	0	0	0	0	0	10	950	20	1000		
650	160	10	0	240	40	60	100	0	50	10	280	50	1000		
651	20	0	0	0	0	0	980	0	0	0	0	0	1000		
652	0	1000	0	0	0	0	0	0	0	0	0	0	1000		
653	0	0	0	0	0	960	0	30	10	0	0	0	1000		
654	0	0	0	0	0	0	0	1000	0	0	0	0	1000		
655	10	10	10	130	130	130	130	130	130	70	60	60	1000		
656	70	80	80	80	80	90	80	80	100	90	90	80	1000		
657	0	0	230	240	230	100	100	100	0	0	0	0	1000		
658	0	0	80	80	80	250	260	250	0	0	0	0	1000		
659	0	0	0	120	120	130	130	130	130	120	120	0	1000		
750	80	80	80	80	90	90	90	90	80	80	80	80	1000		
751	150	110	150	110	60	40	30	30	30	70	100	120	1000		
752	40	0	40	0	40	140	40	0	100	0	190	410	1000		
753	10	40	70	160	10	70	70	30	70	0	290	180	1000		
754	100	110	110	70	100	60	50	70	80	70	80	100	1000		
755	90	100	110	80	80	70	80	70	20	100	100	100	1000		
756	570	140	0	110	110	0	0	0	0	0	0	70	1000		
757	30	0	0	0	0	40	120	40	60	110	600	0	1000		
758	80	50	90	130	50	90	30	50	90	30	270	40	1000		
759	140	250	100	90	10	0	40	50	100	150	70	0	1000		
760	130	110	110	80	80	50	60	70	30	70	90	120	1000		
761	110	110	110	20	20	70	90	60	100	100	100	110	1000		
762	250	230	150	130	100	40	100	0	0	0	0	0	1000		
763	70	70	80	70	70	90	80	100	80	90	110	90	1000		
764	90	90	70	80	80	80	80	90	90	70	90	90	1000		
765	80	90	100	90	90	90	40	60	90	100	90	80	1000		
766	170	140	140	130	130	130	0	0	0	0	50	110	1000		
767	60	60	70	110	80	70	80	80	110	90	90	100	1000		
768	0	0	0	0	60	130	130	170	130	150	140	90	1000		
769	80	0	0	0	150	130	130	170	110	110	120	0	1000		
770	90	70	110	60	50	80	90	90	120	50	90	100	1000		
771	0	40	130	130	80	120	40	10	120	140	130	60	1000		
772	90	100	60	50	60	50	30	100	120	110	120	110	1000		
774	100	80	40	70	90	90	100	80	80	110	60	100	1000		
775	0	0	0	0	160	160	160	160	160	160	40	0	1000		
776	70	70	70	80	80	100	100	100	100	80	80	70	1000		
777	0	90	70	70	120	50	90	120	90	90	120	90	1000		
778	90	70	80	110	80	90	100	90	20	100	90	80	1000		
779	80	80	90	90	90	90	80	70	80	90	80	80	1000		
781	40	80	90	30	180	90	90	100	50	90	90	70	1000		
783	170	150	130	130	120	130	0	0	0	0	50	120	1000		
784	0	0	0	0	0	0	0	0	0	0	0	0	0		
785	170	140	140	130	110	140	0	0	0	0	40	130	1000		
853	40	50	50	80	70	60	120	130	130	100	80	90	1000		
854	80	110	130	110	110	70	70	50	60	60	80	70	1000		
855	60	50	100	50	60	100	90	110	80	50	90	160	1000		
856	90	90	90	90	100	80	90	90	40	70	80	90	1000		
857	90	80	80	10	110	90	90	100	100	100	70	80	1000		
858	100	60	80	80	100	90	90	90	70	80	80	80	1000		
859	60	60	60	50	0	120	150	170	160	110	60	0	1000		
860	0	80	60	50	80	110	120	120	40	120	110	110	1000		
861	80	70	80	80	110	100	80	90	60	90	80	80	1000		
862	100	100	100	100	100	0	0	100	100	100	100	100	1000		
863	80	80	80	70	90	90	90	90	80	80	80	90	1000		
864	0	0	0	0	0	0	0	30	250	110	20	590	1000		
865	0	100	0	100	100	100	100	100	100	100	100	100	1000		
866	0	0	0	0	0	0	160	160	170	170	170	170	1000		
867	90	80	90	80	70	70	90	80	90	80	90	90	1000		
868	70	80	100	100	80	80	80	80	70	90	80	90	1000		
869	80	60	60	60	90	90	90	80	90	100	110	90	1000		
870	80	80	90	90	90	90	80	80	80	80	90	70	1000		
871	140	130	140	150	150	0	0	0	0	90	100	100	1000		
872	120	110	110	110	0	0	0	110	110	110	110	110	1000		
873	80	80	90	90	80	80	80	80	90	90	70	90	1000		
874	0	0	0	0	0	0	160	160	170	170	170	170	1000		
875	50	40	40	50	130	120	0	50	80	280	80	80	1000		
876	50	40	50	50	50	90	100	110	110	120	110	120	1000		
877	70	70	80	70	90	60	90	90	90	100	90	100	1000		
878	100	90	100	90	80	80	80	80	40	70	80	110	1000		
879	90	80	90	90	40	80	80	100	90	80	90	90	1000		
880	100	100	100	100	100	0	0	100	100	100	100	100	1000		
881	100	100	70	80	90	70	70	60	100	80	90	90	1000		
882	80	110	130	120	130	80	80	50	50	50	60	60	1000		
883	0	0	0	0	0	50	100	160	210	200	100	180	1000		
884	10	20	80	90	70	70	80	70	120	100	150	140	1000		
885	120	100	120	0	0	100	80	100	100	100	90	90	1000		
886	250	110	110	110	50	60	30	80	110	10	30	50	1000		
887	90	70	80	70	70	100	50	90	100	80	60	140	1000		
888	230	210	150	160	170	80	0	0	0	0	0	0	1000		
889	50	90	80	60	70	90	100	90	90	90	80	110	1000		
890	90	80	80	90	100	90	80	40	110	80	80	80	1000		
891	60	70	80	90	100	110	110	120	80	70	60	50	1000		
892	160	80	90	80	110	140	120	0	50	0	80	90	1000		
893	130	80	90	70	50	80	70	70	90	100	80	90	1000		
894	100	100	100	100	100	100	100	0	0	100	100	100	1000		
895	20	60	130	110	100	80	90	80	100	60	70	100	1000		
896	80	70	90	80	70	60	90	90	80	80	100	110	1000		
897	100	80	80	90	60	90	100	90	50	90	70	100	1000		
898	90	80	90	80	80	80	90	50	90	90	90	90	1000		
899	80	80	80	80	80	80	70	100	90	90	90	80	1000		
900	80	80	90	80	90	80	80	80	90	80	80	90	1000		
901	130	150	0	0	0	0	0	100	150	130	190	150	1000		
902	90	80	90	90	90	80	90	90	80	60	80	80	1000		
903	70	80	80	70	80	100	80	80	40	130	80	110	1000		
904	90	80	60	120	130	170	100	60	20	0	90	80	1000		
905	120	90	150	60	50	100	60	70	40	20	110	130	1000		
906	100	100	100	100	100	100	100	100	100	100	0	0	1000		
907	0	0	0	0	0	0	210	100	130	130	220	210	1000		
908	80	70	80	70	90	80	80	80	90	90	100	90	1000		
909	110	140	150	0	0	0	0	120	140	90	100	150	1000		
910	100	130	10	150	20	70	0	20	90	230	80	100	1000		
911	110	100	100	90	100	60	60	70	70	80	70	90	1000		
912	150	150	140	140	0	0	0	0	0	140	140	140	1000		
913	100	90	90	90	90	90	90	90	0	90	90	90	1000		
914	100	120	110	90	110	0	0	70	110	110	80	100	1000		
915	120	110	110	110	110	110	110	110	110	0	0	0	1000		
916	90	100	70	80	70	70	80	80	100	80	80	100	1000		
917	90	80	70	60	90	80	100	100	70	80	80	100	1000		
918	100	150	130	140	130	0	0	0	90	90	90	80	1000		
919	60	40	70	70	50	80	130	110	100	100	100	90	1000		
920	240	210	230	230	90	0	0	0	0	0	0	0	1000		
921	90	70	90	80	90	70	90	90	70	80	90	90	1000		
922	90	70	80	70	70	70	80	80	70	100	100	120	1000		
923	80	90	100	90	90	60	60	70	70	100	100	90	1000		
924	60	90	90	70	100	70	80	80	40	110	110	100	1000		
925	90	150	110	100	70	0	90	70	100	50	70	100	1000		
925	90	150	110	100	70	0	90	70	100	50	70	100	1000		
926	120	110	110	110	0	0	0	110	110	110	110	110	1000		
927	100	80	90	100	90	90	100	90	40	50	70	100	1000		
928	61	81	92	99	73	104	90	45	84	88	90	93	1000		
950	6	38	152	110	199	247	33	19	49	45	61	41	1000		
951	1	1	105	352	85	73	14	3	6	84	177	99	1000		
952	7	67	299	154	92	80	7	99	131	31	24	10	1000		
953	4	26	88	133	256	329	30	11	41	36	32	15	1000		
954	2	2	71	235	105	56	35	9	68	67	185	164	1000		
955	13	44	224	160	107	92	42	36	76	73	70	64	1000		
956	7	4	107	264	141	208	15	36	23	31	85	81	1000		
957	14	75	252	66	46	40	20	197	234	33	11	11	1000		
958	26	76	176	135	111	62	35	87	121	103	44	25	1000		
959	1	1	143	360	72	120	2	3	25	41	145	88	1000		
960	14	15	187	216	210	124	52	9	24	31	60	56	1000		
961	3	2	66	155	190	356	19	44	84	20	32	28	1000		
962	2	2	115	141	197	273	119	12	39	19	45	36	1000		
963	4	4	68	235	285	204	61	18	24	4	47	47	1000		
964	41	41	207	235	127	128	44	40	80	20	20	16	1000		
965	1	18	165	293	175	185	3	1	27	62	57	13	1000		
966	19	19	95	129	391	248	24	15	30	13	12	6	1000		
967	6	23	156	261	192	179	22	6	38	51	41	24	1000		
968	16	16	80	167	124	132	107	61	125	74	74	25	1000		
969	23	23	115	206	140	137	82	50	100	51	52	20	1000		
970	13	13	93	188	220	162	86	32	62	21	56	53	1000		
971	13	11	101	256	150	168	48	34	65	13	58	84	1000		
972	25	18	132	178	172	300	65	22	42	10	17	18	1000		
973	15	15	78	231	211	249	53	21	44	38	36	8	1000		
974	27	27	134	271	201	190	37	19	38	25	23	8	1000		
975	21	48	173	191	157	165	46	32	75	34	36	23	1000		
976	16	77	177	157	141	94	66	51	104	53	34	30	1000		
977	25	56	148	158	163	250	35	14	46	39	38	27	1000		
978	15	34	209	221	175	148	32	21	45	34	41	25	1000		
979	6	10	107	140	195	223	105	23	59	51	55	26	1000		
980	19	20	206	183	178	170	28	17	43	52	56	27	1000		
981	15	58	166	158	118	172	26	25	81	74	72	35	1000		
982	20	41	234	231	138	173	24	20	44	30	28	18	1000		
983	24	34	222	223	173	140	25	23	56	36	25	19	1000		
984	33	37	181	191	131	162	63	45	91	22	22	21	1000		
985	5	9	33	164	284	136	21	20	41	73	104	108	1000		
986	11	18	92	75	269	219	41	16	30	35	117	75	1000		
987	9	11	107	177	115	164	46	173	84	10	51	53	1000		
988	2	4	108	96	79	83	77	122	227	134	56	13	1000		
989	8	8	131	201	135	30	21	102	220	125	11	8	1000		
990	42	44	222	217	107	105	49	52	102	20	19	19	1000		
991	12	35	205	168	170	143	29	122	73	8	19	15	1000		
992	1	1	23	73	26	8	33	28	438	280	64	25	1000		
993	18	35	268	175	85	63	26	81	165	54	15	14	1000		
994	12	12	121	273	152	112	44	50	95	25	56	49	1000		
995	25	40	198	177	105	96	59	105	119	22	27	27	1000		
996	3	22	132	107	75	44	8	229	286	60	21	12	1000		
997	30	27	151	183	101	95	78	69	143	35	44	44	1000		
998	10	26	144	186	141	142	36	44	90	59	72	51	1000		
1002	0	0	0	0	74	120	737	69	0	0	0	0	1000	!	"AK, Prescribed fires"
1001	0	0	129	48	3	821	0	0	0	0	0	0	1001	!	"AL, Prescribed fires"
1005	0	232	759	0	0	0	0	9	0	0	0	0	1000	!	"AR, Prescribed fires"
1004	24	103	53	85	92	137	14	37	33	324	81	17	1000	!	"AZ, Prescribed fires"
1006	82	8	15	90	24	107	336	53	26	144	73	42	1000	!	"CA, Prescribed fires"
1008	16	1	53	279	145	24	84	41	239	100	7	10	999	!	"CO, Prescribed fires"
1009	0	0	36	519	0	0	0	0	0	18	357	70	1000	!	"CT, Prescribed fires"
1011	136	210	288	61	22	90	23	41	33	39	22	36	1001	!	"DC, Prescribed fires"
1010	0	0	36	519	0	0	0	0	0	18	357	70	1000	!	"DE, Prescribed fires"
1012	26	98	33	406	8	193	31	87	60	5	51	3	1001	!	"FL, Prescribed fires"
1013	136	210	288	61	22	90	23	41	33	39	22	36	1001	!	"GA, Prescribed fires"
1015	0	5	0	0	0	1	0	953	41	0	0	0	1000	!	"HI, Prescribed fires"
1019	0	0	221	727	52	0	0	0	0	0	0	0	1000	!	"IA, Prescribed fires"
1016	2	1	4	45	53	39	163	180	138	337	39	0	1001	!	"ID, Prescribed fires"
1017	0	0	36	519	0	0	0	0	0	18	357	70	1000	!	"IL, Prescribed fires"
1018	0	0	36	519	0	0	0	0	0	18	357	70	1000	!	"IN, Prescribed fires"
1020	1	0	910	89	0	0	0	0	0	0	0	0	1000	!	"KS, Prescribed fires"
1021	136	210	288	61	22	90	23	41	33	39	22	36	1001	!	"KY, Prescribed fires"
1022	136	210	288	61	22	90	23	41	33	39	22	36	1001	!	"LA, Prescribed fires"
1025	0	0	36	519	0	0	0	0	0	18	357	70	1000	!	"MA, Prescribed fires"
1024	136	210	288	61	22	90	23	41	33	39	22	36	1001	!	"MD, Prescribed fires"
1023	0	0	36	519	0	0	0	0	0	18	357	70	1000	!	"ME, Prescribed fires"
1026	0	0	36	519	0	0	0	0	0	18	357	70	1000	!	"MI, Prescribed fires"
1027	0	0	32	908	53	7	0	0	0	0	0	0	1000	!	"MN, Prescribed fires"
1029	0	204	387	409	0	0	0	0	0	0	0	0	1000	!	"MO, Prescribed fires"
1028	55	22	436	412	62	12	0	0	0	0	0	0	999	!	"MS, Prescribed fires"
1030	52	3	193	395	182	6	3	0	78	80	7	0	999	!	"MT, Prescribed fires"
1037	136	210	288	61	22	90	23	41	33	39	22	36	1001	!	"NC, Prescribed fires"
1038	0	0	0	24	369	0	0	121	160	327	0	0	1001	!	"ND, Prescribed fires"
1031	11	25	106	433	339	0	82	0	5	0	0	0	1001	!	"NE, Prescribed fires"
1033	0	0	36	519	0	0	0	0	0	18	357	70	1000	!	"NH, Prescribed fires"
1034	0	0	36	519	0	0	0	0	0	18	357	70	1000	!	"NJ, Prescribed fires"
1035	61	69	211	125	112	198	25	9	88	88	12	2	1000	!	"NM, Prescribed fires"
1032	0	19	50	53	19	20	200	179	234	211	1	14	1000	!	"NV, Prescribed fires"
1036	0	0	36	519	0	0	0	0	0	18	357	70	1000	!	"NY, Prescribed fires"
1039	0	0	36	519	0	0	0	0	0	18	357	70	1000	!	"OH, Prescribed fires"
1040	16	20	797	133	35	0	0	0	0	0	0	0	1001	!	"OK, Prescribed fires"
1041	24	24	26	50	69	21	9	10	535	160	50	22	1000	!	"OR, Prescribed fires"
1042	0	0	36	519	0	0	0	0	0	18	357	70	1000	!	"PA, Prescribed fires"
1044	0	0	36	519	0	0	0	0	0	18	357	70	1000	!	"RI, Prescribed fires"
1045	9	0	82	343	0	564	0	0	0	0	0	2	1000	!	"SC, Prescribed fires"
1046	3	2	13	122	94	15	14	17	270	289	162	0	1001	!	"SD, Prescribed fires"
1047	0	0	514	321	0	17	1	147	0	0	0	0	1000	!	"TN, Prescribed fires"
1048	0	171	256	232	1	0	84	185	0	44	27	0	1000	!	"TX, Prescribed fires"
1049	1	2	90	44	14	28	40	34	495	210	17	26	1001	!	"UT, Prescribed fires"
1051	30	58	213	366	332	0	0	0	0	0	0	0	999	!	"VA, Prescribed fires"
1050	0	0	36	519	0	0	0	0	0	18	357	70	1000	!	"VT, Prescribed fires"
1053	0	0	112	530	155	3	0	11	56	123	9	0	999	!	"WA, Prescribed fires"
1055	0	0	119	792	56	0	0	0	0	33	0	0	1000	!	"WI, Prescribed fires"
1054	136	210	288	61	22	90	23	41	33	39	22	36	1001	!	"WV, Prescribed fires"
1056	0	5	130	84	116	15	37	159	285	156	11	3	1001	!	"WY, Prescribed fires"
1102	0	0	0	2	59	374	524	40	1	0	0	0	1000	!	"AK, Wildfires"
1101	37	112	209	153	37	38	34	50	46	52	140	93	1001	!	"AL, Wildfires"
1105	68	174	359	160	11	8	22	45	21	17	85	31	1001	!	"AR, Wildfires"
1104	3	15	14	72	115	399	229	53	33	49	14	5	1001	!	"AZ, Wildfires"
1106	17	3	5	12	28	83	186	373	174	90	28	3	1002	!	"CA, Wildfires"
1108	7	4	18	43	47	349	332	124	46	26	3	0	999	!	"CO, Wildfires"
1109	6	51	112	397	91	11	19	32	17	23	231	10	1000	!	"CT, Wildfires"
1111	0	35	90	118	82	2	605	0	3	1	64	0	1000	!	"DC, Wildfires"
1110	20	77	681	24	11	0	3	0	0	0	183	0	999	!	"DE, Wildfires"
1112	88	82	115	143	310	88	46	32	17	15	31	33	1000	!	"FL, Wildfires"
1113	92	198	116	87	77	72	102	9	104	9	75	58	999	!	"GA, Wildfires"
1115	130	98	23	1	177	26	101	72	293	47	32	1	1001	!	"HI, Wildfires"
1119	8	3	253	516	116	4	0	4	0	16	76	5	1001	!	"IA, Wildfires"
1116	0	0	2	2	5	59	323	510	75	21	3	0	1000	!	"ID, Wildfires"
1117	32	123	373	194	14	5	6	13	13	54	124	51	1002	!	"IL, Wildfires"
1118	17	66	456	196	28	12	16	11	31	72	88	9	1002	!	"IN, Wildfires"
1120	13	13	420	370	32	21	35	7	27	36	14	13	1001	!	"KS, Wildfires"
1121	14	28	118	165	17	5	2	4	4	252	379	12	1000	!	"KY, Wildfires"
1122	117	250	66	24	15	22	22	32	43	156	119	133	999	!	"LA, Wildfires"
1125	6	51	112	397	91	11	19	32	17	23	231	10	1000	!	"MA, Wildfires"
1124	254	476	220	12	8	1	0	2	0	1	2	23	999	!	"MD, Wildfires"
1123	0	0	0	560	270	35	13	50	40	26	6	0	1000	!	"ME, Wildfires"
1126	0	0	10	184	717	28	15	30	2	12	2	0	1000	!	"MI, Wildfires"
1127	0	0	27	587	196	25	2	24	5	119	14	1	1000	!	"MN, Wildfires"
1129	22	107	372	252	32	9	16	4	9	40	118	19	1000	!	"MO, Wildfires"
1128	78	158	270	126	45	23	14	12	16	104	78	77	1001	!	"MS, Wildfires"
1130	1	2	6	26	17	119	142	383	190	79	35	0	1000	!	"MT, Wildfires"
1137	52	118	195	198	102	52	31	39	11	61	91	49	999	!	"NC, Wildfires"
1138	0	0	0	3	2	975	0	20	0	0	0	0	1000	!	"ND, Wildfires"
1131	21	123	437	82	15	10	177	45	81	7	2	0	1000	!	"NE, Wildfires"
1133	6	51	112	397	91	11	19	32	17	23	231	10	1000	!	"NH, Wildfires"
1134	1.58	92.9	118	745	24.8	1.6	0.51	2.1	2.63	3.21	5.64	1.82	1000	!	"NJ, Wildfires"
1135	18	14	80	111	164	420	95	25	22	42	4	3	998	!	"NM, Wildfires"
1132	3	1	3	2	12	81	276	572	36	12	2	0	1000	!	"NV, Wildfires"
1136	6	51	112	397	91	11	19	32	17	23	231	10	1000	!	"NY, Wildfires"
1139	22	69	315	145	10	6	24	0	5	176	200	28	1000	!	"OH, Wildfires"
1140	127	173	337	86	17	8	41	63	48	28	43	30	1001	!	"OK, Wildfires"
1141	2	4	7	5	8	31	312	518	78	27	6	1	999	!	"OR, Wildfires"
1142	4	10	263	476	185	2	5	7	3	14	30	2	1001	!	"PA, Wildfires"
1144	6	51	112	397	91	11	19	32	17	23	231	10	1000	!	"RI, Wildfires"
1145	79	196	205	157	59	65	46	38	18	34	60	43	1000	!	"SC, Wildfires"
1146	8	15	33	106	21	57	211	233	178	81	54	3	1000	!	"SD, Wildfires"
1147	10	39	159	267	27	37	16	22	24	76	297	26	1000	!	"TN, Wildfires"
1148	115	125	68	35	40	61	85	101	101	60	92	117	1000	!	"TX, Wildfires"
1149	0	0	5	6	13	205	450	243	69	8	1	0	1000	!	"UT, Wildfires"
1151	7	76	74	368	135	85	37	10	2	58	131	17	1000	!	"VA, Wildfires"
1150	6	51	112	397	91	11	19	32	17	23	231	10	1000	!	"VT, Wildfires"
1153	1	0	7	16	10	143	273	471	56	22	1	0	1000	!	"WA, Wildfires"
1155	0	0	9	689	245	1	7	2	2	32	13	0	1000	!	"WI, Wildfires"
1154	1	5	58	138	66	1	3	4	1	564	151	7	999	!	"WV, Wildfires"
1156	0	0	6	8	6	94	404	402	57	20	4	0	1001	!	"WY, Wildfires"
1200	2284	1957	2662	376	190	102	73	154	225	1601	150	221	9995	!	"Average, VISTAS 2002 Rx burning"
1201	535	3810	3292	735	167	101	68	262	188	144	234	459	9995	!	"AL, VISTAS 2002 Rx burning"
1212	1452	2105	2392	918	200	263	415	429	258	464	549	549	9994	!	"FL, VISTAS 2002 Rx burning"
1213	1006	2777	4298	899	139	33	55	69	78	66	146	428	9994	!	"GA, VISTAS 2002 Rx burning"
1228	440	1816	177	165	259	526	78	304	1504	3740	427	556	9992	!	"MS, VISTAS 2002 Rx burning"
1245	718	3873	3798	665	944	0	0	0	0	0	0	0	9998	!	"SC, VISTAS 2002 Rx burning"
1400	1408	2433	2230	420	996	780	114	142	135	234	476	625	9993	!	"Average, VISTAS 2002 Ag burning"
1401	680	3407	2852	451	1059	576	43	154	165	150	125	334	9996	!	"AL, VISTAS 2002 Ag burning"
1412	2315	1971	1773	421	127	109	230	169	78	630	1173	999	9995	!	"FL, VISTAS 2002 Ag burning"
1413	1418	2729	2329	313	1059	615	101	180	183	99	304	661	9991	!	"GA, VISTAS 2002 Ag burning"
1445	1220	1625	1966	498	1741	1818	83	64	114	55	302	506	9992	!	"SC, VISTAS 2002 Ag burning"
1500	6	6	7	10	9	13	12	10	9	7	7	6	102	!	Gilliland NH3 profile
1501	292	305	697	1447	945	1034	974	1012	1033	1202	651	402	10000	!	Pinder dairy cow average over counties for Alabama
1504	249	316	648	1275	1216	951	1004	1015	1032	1254	610	425	10000	!	Pinder dairy cow average over counties for Arizona
1505	265	289	690	1468	911	1001	960	999	1022	1304	682	401	10000	!	Pinder dairy cow average over counties for Arkansas
1506	242	275	696	1492	918	952	933	976	1077	1402	684	347	10000	!	Pinder dairy cow average over counties for California
1508	211	255	610	1410	1388	908	878	917	1002	1416	633	368	10000	!	Pinder dairy cow average over counties for Colorado
1509	286	273	688	1713	842	1201	1043	1022	919	1002	653	352	10000	!	Pinder dairy cow average over counties for Connecticut
1510	367	343	729	1448	848	1085	1044	1039	979	1003	690	418	10000	!	Pinder dairy cow average over counties for Delaware
1512	403	406	709	1197	1019	962	910	973	1033	1174	695	512	10000	!	Pinder dairy cow average over counties for Florida
1513	355	360	659	1212	1015	1080	1035	1065	1034	1106	627	445	10000	!	Pinder dairy cow average over counties for Georgia
1516	211	255	615	1388	1177	871	925	972	1037	1489	670	384	10000	!	Pinder dairy cow average over counties for Idaho
1517	268	314	654	1275	1398	1000	940	944	935	1127	667	471	10000	!	Pinder dairy cow average over counties for Illinois
1518	283	310	684	1416	1199	1017	945	946	941	1127	669	458	10000	!	Pinder dairy cow average over counties for Indiana
1519	338	357	660	1270	1143	1020	1023	1021	946	1105	643	468	10000	!	Pinder dairy cow average over counties for Iowa
1520	289	318	691	1420	1017	1013	1017	1023	970	1171	637	427	10000	!	Pinder dairy cow average over counties for Kansas
1521	246	252	679	1529	902	1004	933	973	1044	1381	711	341	10000	!	Pinder dairy cow average over counties for Kentucky
1522	291	316	697	1380	1081	990	925	976	1008	1245	692	391	10000	!	Pinder dairy cow average over counties for Louisiana
1523	241	227	542	1481	914	1229	1087	1079	1036	1222	633	303	10000	!	Pinder dairy cow average over counties for Maine
1524	406	388	774	1396	830	1059	1021	1022	941	945	672	540	10000	!	Pinder dairy cow average over counties for Maryland
1525	308	291	617	1502	901	1215	1119	1088	960	989	628	378	10000	!	Pinder dairy cow average over counties for Massachusetts
1526	276	282	560	1253	1410	1069	998	996	958	1121	640	429	10000	!	Pinder dairy cow average over counties for Michigan
1527	258	279	538	1207	1569	1021	990	990	951	1196	597	397	10000	!	Pinder dairy cow average over counties for Minnesota
1528	269	304	716	1461	1009	1010	937	967	997	1228	670	427	10000	!	Pinder dairy cow average over counties for Mississippi
1529	295	336	666	1243	1234	1018	986	998	952	1114	657	495	10000	!	Pinder dairy cow average over counties for Missouri
1530	187	245	659	1559	1314	846	761	822	959	1497	690	456	10000	!	Pinder dairy cow average over counties for Montana
1531	295	332	635	1311	1289	977	1008	1012	931	1140	604	461	10000	!	Pinder dairy cow average over counties for Nebraska
1532	240	303	588	1114	1562	870	949	982	1020	1327	618	420	10000	!	Pinder dairy cow average over counties for Nevada
1533	244	232	588	1634	977	1180	1054	1033	973	1142	615	322	10000	!	Pinder dairy cow average over counties for New Hampshire
1534	344	335	749	1578	853	1084	1033	1019	925	967	666	442	10000	!	Pinder dairy cow average over counties for New Jersey
1535	177	228	646	1483	1202	999	895	932	1027	1414	657	334	10000	!	Pinder dairy cow average over counties for New Mexico
1536	376	373	590	1012	1493	1005	1011	1003	908	990	684	549	10000	!	Pinder dairy cow average over counties for New York
1537	373	381	687	1261	1012	987	957	989	1004	1159	666	519	10000	!	Pinder dairy cow average over counties for North Carolina
1538	210	214	566	1655	1074	1019	969	1008	1012	1401	588	277	10000	!	Pinder dairy cow average over counties for North Dakota
1539	280	312	710	1474	1128	979	897	910	938	1181	699	484	10000	!	Pinder dairy cow average over counties for Ohio
1540	168	217	644	1527	1126	967	942	984	1030	1415	635	340	10000	!	Pinder dairy cow average over counties for Oklahoma
1541	330	398	685	1197	1386	809	791	849	949	1224	703	673	10000	!	Pinder dairy cow average over counties for Oregon
1542	312	319	714	1524	1101	1028	944	943	907	1052	680	469	10000	!	Pinder dairy cow average over counties for Pennsylvania
1544	327	314	693	1517	919	1036	1006	1022	956	1050	693	462	10000	!	Pinder dairy cow average over counties for Rhode Island
1545	384	381	701	1319	869	1101	1006	1011	1004	1071	653	495	10000	!	Pinder dairy cow average over counties for South Carolina
1546	226	245	659	1674	986	984	969	992	953	1321	649	334	10000	!	Pinder dairy cow average over counties for South Dakota
1547	330	345	686	1306	1051	1016	968	996	1002	1164	667	462	10000	!	Pinder dairy cow average over counties for Tennessee
1548	243	298	688	1367	1210	1002	915	959	985	1223	668	436	10000	!	Pinder dairy cow average over counties for Texas
1549	207	252	608	1314	1266	918	995	1031	1050	1391	613	348	10000	!	Pinder dairy cow average over counties for Utah
1550	217	209	638	1824	874	1242	993	967	928	1120	656	328	10000	!	Pinder dairy cow average over counties for Vermont
1551	316	318	634	1258	1075	1000	979	1005	1034	1247	688	441	10000	!	Pinder dairy cow average over counties for Virginia
1553	317	370	716	1360	1219	918	867	912	945	1153	655	562	10000	!	Pinder dairy cow average over counties for Washington
1554	348	340	737	1501	873	1094	1015	1019	961	998	656	453	10000	!	Pinder dairy cow average over counties for West Virginia
1555	377	371	575	1010	1348	1044	1060	1059	970	1071	635	475	10000	!	Pinder dairy cow average over counties for Wisconsin
1556	148	189	588	1575	1183	964	790	850	1067	1648	664	328	10000	!	Pinder dairy cow average over counties for Wyoming
1600	1244	1306	1916	840	371	475	616	602	658	616	686	664	9994	!	"Average, VISTAS 2002 Land clearing"
1601	700	1122	3135	673	397	465	463	631	424	562	624	799	9995	!	"AL, VISTAS 2002 Land clearing"
1612	1701	988	1236	763	101	618	1009	814	695	786	807	476	9994	!	"FL, VISTAS 2002 Land clearing"
1613	1065	1836	1678	1015	424	344	589	480	498	638	693	735	9995	!	"GA, VISTAS 2002 Land clearing"
1645	1511	1278	1614	908	563	473	404	484	1015	479	618	648	9995	!	"SC, VISTAS 2002 Land clearing"
9001	946	950	988	911	741	751	726	747	700	728	854	951	9993	!	California-average for CO from 2001 v3 NEI based on MOBILE6
9002	834	835	844	844	830	854	815	845	819	821	829	823	9993	!	California-average for NOX from 2001 v3 NEI based on MOBILE6
9003	907	897	968	884	752	792	745	773	724	797	859	896	9994	!	California-average for VOC from 2001 v3 NEI based on MOBILE6
9004	784	784	836	836	836	892	860	893	830	830	830	785	9996	!	California-average for NH3 from 2001 v3 NEI based on MOBILE6
9005	807	807	835	835	835	872	838	869	831	831	831	804	9995	!	California-average for SO2 from 2001 v3 NEI based on MOBILE6
9006	841	841	844	844	844	862	807	834	821	821	821	813	9993	!	California-average for PM2_5 from 2001 v3 NEI based on MOBILE6
9007	804	804	838	838	838	879	841	872	828	828	828	797	9995	!	California-average for PMC from 2001 v3 NEI based on MOBILE6